74.29,0.02,4,0.00,s1,5,-3,1,s2,-2,-1,-2,s3,2,3,2,s4,0,4,4,s5,0,6,0,s6,1,-189,-1,s7,-2,-1,1,s8,3,-4,0,s9,-2,-2,-4,s10,6,4,0,s11,2,-2,2,s12,-1,0,2,s13,0,0,0,s14,0,0,0,s15,0,0,0,s16,0,0,0,
74.29,0.02,4,0.00,s1,0,1,-7,s2,1,0,-7,s3,-2,-1,0,s4,2,-2,-1,s5,-1,-1,0,s6,-1,-189,-3,s7,-5,-1,3,s8,-1,0,4,s9,-2,-2,3,s10,1,0,3,s11,4,1,-5,s12,-4,1,0,s13,0,0,0,s14,0,0,0,s15,0,0,0,s16,0,0,0,
74.29,0.02,4,0.00,s1,2,1,-2,s2,-2,-1,-6,s3,1,0,-4,s4,-4,0,3,s5,4,4,0,s6,0,-191,-1,s7,1,1,1,s8,-2,-2,-6,s9,0,-3,-1,s10,-2,2,1,s11,-2,3,-4,s12,-1,-1,0,s13,0,0,0,s14,0,0,0,s15,0,0,0,s16,0,0,0,
74.29,0.02,4,0.00,s1,5,0,-4,s2,3,0,-3,s3,1,-2,-6,s4,-3,-2,0,s5,4,-1,-2,s6,3,-191,-3,s7,5,3,-1,s8,1,1,0,s9,-2,-1,7,s10,-1,-1,-2,s11,-1,-1,1,s12,-3,1,-3,s13,0,0,0,s14,0,0,0,s15,0,0,0,s16,0,0,0,
74.29,0.02,4,0.00,s1,3,1,2,s2,0,1,-1,s3,-4,-1,-4,s4,-3,-1,2,s5,3,-1,3,s6,-4,316,-3,s7,0,4,-7,s8,0,1,0,s9,1,1,0,s10,-6,1,0,s11,-2,2,2,s12,-3,2,1,s13,0,0,0,s14,0,0,0,s15,0,0,0,s16,0,0,0,
74.29,0.02,4,0.00,s1,-1,0,-6,s2,-1,-1,-12,s3,0,-3,-4,s4,-1,4,2,s5,4,1,-10,s6,4,-188,-6,s7,1,5,0,s8,-2,2,-3,s9,-1,0,2,s10,-2,1,0,s11,0,-4,1,s12,-7,-1,-4,s13,0,0,0,s14,0,0,0,s15,0,0,0,s16,0,0,0,
74.29,0.02,4,0.00,s1,4,-2,-5,s2,3,0,-11,s3,-2,-5,-7,s4,-8,3,5,s5,0,1,2,s6,3,-192,-1,s7,-1,1,0,s8,1,2,-4,s9,1,1,2,s10,2,-2,-3,s11,1,-3,0,s12,1,2,-6,s13,0,0,0,s14,0,0,0,s15,0,0,0,s16,0,0,0,
74.29,0.02,4,0.00,s1,6,-1,-7,s2,0,4,-9,s3,1,-2,-3,s4,-1,-1,9,s5,8,-1,-3,s6,5,318,-4,s7,-2,2,-3,s8,-2,1,0,s9,0,-1,-2,s10,-4,6,1,s11,0,-2,4,s12,-2,0,-2,s13,0,0,0,s14,0,0,0,s15,0,0,0,s16,0,0,0,
74.29,0.02,4,0.00,s1,2,6,-9,s2,-1,3,-13,s3,-2,-1,-5,s4,-3,3,1,s5,3,1,1,s6,5,-190,-5,s7,0,2,1,s8,-1,2,1,s9,-1,0,1,s10,0,6,-1,s11,1,0,0,s12,-1,-1,2,s13,0,0,0,s14,0,0,0,s15,0,0,0,s16,0,0,0,
74.29,0.02,4,0.00,s1,4,-5,-12,s2,-1,5,-15,s3,-6,-2,-6,s4,-1,0,-4,s5,5,5,-2,s6,3,-186,-5,s7,-2,1,-5,s8,-2,-2,2,s9,-3,3,1,s10,0,-1,-2,s11,-2,-1,5,s12,5,0,-1,s13,0,0,0,s14,0,0,0,s15,0,0,0,s16,0,0,0,
74.29,0.02,4,0.00,s1,2,4,-4,s2,0,3,-11,s3,0,-4,-6,s4,-1,1,-5,s5,7,-2,-4,s6,1,-191,-7,s7,1,5,0,s8,-1,-2,-4,s9,3,-5,1,s10,3,4,-2,s11,-1,0,0,s12,3,-2,-3,s13,0,0,0,s14,0,0,0,s15,0,0,0,s16,0,0,0,
74.29,0.02,4,0.00,s1,5,-4,-5,s2,1,-1,-13,s3,-2,-1,-8,s4,-2,3,-1,s5,2,1,-3,s6,2,-187,-7,s7,1,3,-6,s8,1,3,-1,s9,-1,-1,1,s10,-1,5,-4,s11,-1,0,3,s12,1,3,-2,s13,0,0,0,s14,0,0,0,s15,0,0,0,s16,0,0,0,
74.29,0.02,4,0.00,s1,5,0,-6,s2,0,5,-19,s3,0,-1,-9,s4,0,1,-1,s5,2,1,-4,s6,-3,-189,-1,s7,-1,4,-4,s8,6,1,2,s9,2,-4,3,s10,3,5,-2,s11,2,-1,-6,s12,3,6,-3,s13,0,0,0,s14,0,0,0,s15,0,0,0,s16,0,0,0,
74.29,0.02,4,0.00,s1,8,1,-12,s2,0,5,-17,s3,-5,0,-5,s4,-3,0,-1,s5,-1,0,-3,s6,4,319,-4,s7,-3,5,-4,s8,0,-3,-5,s9,2,-2,4,s10,4,3,0,s11,-5,6,-2,s12,2,-3,-2,s13,0,0,0,s14,0,0,0,s15,0,0,0,s16,0,0,0,
74.29,0.02,4,0.00,s1,3,-1,-6,s2,2,2,-15,s3,-1,-2,-2,s4,-4,0,-2,s5,0,-1,-6,s6,-3,-188,-8,s7,-3,8,-2,s8,4,-1,0,s9,-3,0,5,s10,4,-1,-2,s11,1,0,2,s12,-2,-2,-6,s13,0,0,0,s14,0,0,0,s15,0,0,0,s16,0,0,0,
74.29,0.02,4,0.00,s1,1,0,-6,s2,4,0,-17,s3,-2,-3,-4,s4,-2,0,-4,s5,0,0,-4,s6,1,-190,-5,s7,0,2,-2,s8,2,2,-2,s9,0,0,-2,s10,4,2,-1,s11,-2,3,0,s12,-1,3,-1,s13,0,0,0,s14,0,0,0,s15,0,0,0,s16,0,0,0,
74.29,0.02,4,0.00,s1,9,1,-9,s2,-1,-1,-15,s3,0,2,-10,s4,-2,6,-4,s5,3,-3,-1,s6,4,-191,-9,s7,-4,-1,-6,s8,-2,2,-1,s9,2,-1,0,s10,2,4,2,s11,1,2,0,s12,0,-2,2,s13,0,0,0,s14,0,0,0,s15,0,0,0,s16,0,0,0,
74.29,0.02,4,0.00,s1,6,1,-6,s2,-1,1,-18,s3,-5,-3,-9,s4,-4,2,1,s5,6,-1,-6,s6,-1,-188,-12,s7,3,0,-2,s8,0,-2,-2,s9,-1,1,-1,s10,-1,2,-3,s11,-2,-2,-2,s12,-4,1,2,s13,0,0,0,s14,0,0,0,s15,0,0,0,s16,0,0,0,
74.29,0.02,4,0.00,s1,8,-1,-10,s2,1,2,-20,s3,1,-4,-9,s4,-5,2,0,s5,4,3,-7,s6,-1,-187,-9,s7,-7,4,-3,s8,0,-4,-2,s9,2,1,-6,s10,-1,5,1,s11,-2,-5,3,s12,0,2,-1,s13,0,0,0,s14,0,0,0,s15,0,0,0,s16,0,0,0,
74.29,0.02,4,0.00,s1,6,0,-7,s2,3,3,-22,s3,0,-3,-11,s4,0,1,2,s5,5,6,-3,s6,-2,-189,-6,s7,4,2,-6,s8,5,-5,0,s9,-1,1,3,s10,3,-2,0,s11,1,2,-3,s12,3,2,-1,s13,0,0,0,s14,0,0,0,s15,0,0,0,s16,0,0,0,
74.29,0.02,4,0.00,s1,9,0,-10,s2,1,3,-21,s3,-2,-6,-7,s4,-5,3,4,s5,1,2,-4,s6,0,-187,-9,s7,-6,1,-8,s8,-1,-2,-2,s9,4,3,2,s10,-1,3,2,s11,-1,-2,3,s12,-5,-1,-1,s13,0,0,0,s14,0,0,0,s15,0,0,0,s16,0,0,0,
74.29,0.02,4,0.00,s1,7,2,-11,s2,0,4,-21,s3,-5,-2,-9,s4,-4,1,3,s5,-3,0,-4,s6,2,-189,-11,s7,-3,0,0,s8,1,1,-3,s9,0,0,-4,s10,1,1,2,s11,1,1,0,s12,5,0,-3,s13,0,0,0,s14,0,0,0,s15,0,0,0,s16,0,0,0,
74.29,0.02,4,0.00,s1,6,3,-12,s2,1,3,-26,s3,-5,-2,-12,s4,-3,6,1,s5,0,0,-6,s6,0,-189,-8,s7,-5,3,-5,s8,-1,2,1,s9,0,-2,-3,s10,0,-4,-5,s11,-2,-5,-1,s12,2,3,-2,s13,0,0,0,s14,0,0,0,s15,0,0,0,s16,0,0,0,
74.29,0.02,4,0.00,s1,9,3,-11,s2,1,2,-22,s3,3,-2,-12,s4,0,-2,2,s5,5,3,-10,s6,-1,-186,-9,s7,1,3,-2,s8,-2,-3,0,s9,8,-2,5,s10,-2,2,-3,s11,3,2,0,s12,-1,2,-3,s13,0,0,0,s14,0,0,0,s15,0,0,0,s16,0,0,0,
74.29,0.02,4,0.00,s1,11,-2,-12,s2,7,4,-17,s3,-1,-3,-13,s4,-4,0,-1,s5,4,4,-6,s6,2,-186,-7,s7,-2,1,-1,s8,-2,1,-3,s9,-2,-4,2,s10,0,-3,0,s11,-3,1,-3,s12,2,3,-4,s13,0,0,0,s14,0,0,0,s15,0,0,0,s16,0,0,0,
74.29,0.02,4,0.00,s1,7,1,-18,s2,0,2,-26,s3,-6,-2,-14,s4,-6,0,2,s5,7,0,-5,s6,1,-186,-5,s7,-1,1,2,s8,0,1,2,s9,-2,-3,2,s10,0,-3,0,s11,0,-3,1,s12,-5,0,-5,s13,0,0,0,s14,0,0,0,s15,0,0,0,s16,0,0,0,
74.29,0.02,4,0.00,s1,11,6,-17,s2,3,4,-23,s3,-3,-1,-14,s4,-6,0,4,s5,2,0,-7,s6,3,-190,-7,s7,4,11,-3,s8,1,3,3,s9,-3,0,-2,s10,-1,0,2,s11,1,0,1,s12,5,4,-7,s13,0,0,0,s14,0,0,0,s15,0,0,0,s16,0,0,0,
74.29,0.02,4,0.00,s1,3,2,-8,s2,-2,7,-27,s3,-5,1,-14,s4,-6,3,5,s5,5,-1,-4,s6,3,-189,-3,s7,-3,4,-3,s8,2,-1,-1,s9,-4,-3,-2,s10,3,3,0,s11,-4,1,-3,s12,3,-3,-2,s13,0,0,0,s14,0,0,0,s15,0,0,0,s16,0,0,0,
74.29,0.02,4,0.00,s1,10,1,-16,s2,3,1,-27,s3,-1,-2,-21,s4,-3,-1,-4,s5,4,4,-8,s6,0,-185,-10,s7,-3,2,-11,s8,3,-4,1,s9,1,0,-4,s10,0,-3,-2,s11,9,-7,2,s12,-1,-2,-9,s13,0,0,0,s14,0,0,0,s15,0,0,0,s16,0,0,0,
74.29,0.02,4,0.00,s1,10,-1,-17,s2,4,5,-26,s3,-4,-7,-21,s4,-2,-1,-4,s5,2,1,-6,s6,0,318,-6,s7,-2,1,-2,s8,1,-3,-6,s9,2,-3,6,s10,4,1,1,s11,-1,-1,1,s12,-1,-2,-6,s13,0,0,0,s14,0,0,0,s15,0,0,0,s16,0,0,0,
74.29,0.02,4,0.00,s1,10,-2,-19,s2,2,-1,-28,s3,-2,-6,-17,s4,-4,-5,1,s5,2,-2,-7,s6,2,317,-9,s7,-3,4,-6,s8,1,-4,-1,s9,2,-5,6,s10,-2,0,1,s11,-3,-11,5,s12,2,0,-3,s13,0,0,0,s14,0,0,0,s15,0,0,0,s16,0,0,0,
74.29,0.02,4,0.00,s1,9,-5,-15,s2,3,-5,-28,s3,-3,-8,-16,s4,-4,-2,-1,s5,6,-9,-5,s6,-2,-192,-11,s7,-3,-1,-5,s8,-2,-6,-1,s9,6,-5,2,s10,1,-6,1,s11,7,-5,3,s12,5,2,-5,s13,0,0,0,s14,0,0,0,s15,0,0,0,s16,0,0,0,
74.29,0.02,4,0.00,s1,6,-4,-22,s2,1,-1,-29,s3,-7,-6,-11,s4,-9,-1,1,s5,5,0,-5,s6,-1,-191,-10,s7,0,0,-4,s8,0,-3,3,s9,4,-8,3,s10,1,-6,2,s11,-3,-7,3,s12,-2,2,-1,s13,0,0,0,s14,0,0,0,s15,0,0,0,s16,0,0,0,
74.29,0.02,4,0.00,s1,7,-4,-15,s2,0,-2,-32,s3,-4,-2,-14,s4,-10,-6,0,s5,2,-3,-3,s6,-6,-191,-11,s7,-2,2,-8,s8,0,-7,1,s9,2,-5,1,s10,0,-2,6,s11,-3,2,-2,s12,3,-1,-1,s13,0,0,0,s14,0,0,0,s15,0,0,0,s16,0,0,0,
74.29,0.02,4,0.00,s1,10,-5,-20,s2,-1,-1,-33,s3,-10,-8,-13,s4,-9,-7,0,s5,0,-5,-6,s6,-1,318,-13,s7,0,0,-2,s8,-1,-4,-2,s9,2,-12,-2,s10,-2,1,1,s11,7,-2,3,s12,1,-3,-6,s13,0,0,0,s14,0,0,0,s15,0,0,0,s16,0,0,0,
74.29,0.02,4,0.00,s1,13,-6,-18,s2,1,-6,-29,s3,-7,-11,-17,s4,-5,-3,2,s5,3,-4,-2,s6,2,319,-13,s7,-6,-1,-5,s8,2,-5,-3,s9,1,-8,1,s10,4,-8,4,s11,1,-9,3,s12,4,-4,2,s13,0,0,0,s14,0,0,0,s15,0,0,0,s16,0,0,0,
74.29,0.02,4,0.00,s1,12,-3,-21,s2,4,0,-32,s3,-3,-4,-16,s4,-10,-2,0,s5,7,-8,-7,s6,-3,318,-9,s7,-5,0,-4,s8,-1,-7,-3,s9,3,-9,2,s10,3,-3,5,s11,3,-1,0,s12,1,-3,-8,s13,0,0,0,s14,0,0,0,s15,0,0,0,s16,0,0,0,
74.29,0.02,4,0.00,s1,7,-9,-22,s2,0,-4,-37,s3,-4,-9,-20,s4,-10,-2,-5,s5,3,-3,-4,s6,2,-192,-12,s7,-4,0,-4,s8,2,-4,-6,s9,0,-7,-6,s10,-2,-4,5,s11,2,-7,-2,s12,0,-5,-5,s13,0,0,0,s14,0,0,0,s15,0,0,0,s16,0,0,0,
74.29,0.02,4,0.00,s1,15,-1,-28,s2,3,-4,-32,s3,-10,-4,-16,s4,-8,-4,-5,s5,3,-7,-3,s6,-5,317,-8,s7,-4,4,-3,s8,-7,-7,-4,s9,5,-4,4,s10,-5,-7,1,s11,0,-6,0,s12,2,-8,-4,s13,0,0,0,s14,0,0,0,s15,0,0,0,s16,0,0,0,
74.29,0.02,4,0.00,s1,11,-2,-20,s2,-2,-4,-35,s3,-5,-8,-18,s4,-13,-4,-7,s5,6,-11,-5,s6,0,-190,-10,s7,-5,-1,-10,s8,-1,-2,-5,s9,1,-11,2,s10,-1,-7,0,s11,-6,-7,5,s12,-2,-6,-6,s13,0,0,0,s14,0,0,0,s15,0,0,0,s16,0,0,0,
74.29,0.02,4,0.00,s1,6,-4,-23,s2,3,-4,-38,s3,-8,-10,-22,s4,-12,-2,-8,s5,6,-11,1,s6,0,318,-14,s7,-8,-3,-10,s8,-4,-2,-1,s9,2,-8,10,s10,-1,-6,-1,s11,-2,-1,8,s12,0,-4,-9,s13,0,0,0,s14,0,0,0,s15,0,0,0,s16,0,0,0,
74.29,0.02,4,0.00,s1,7,-6,-25,s2,6,-5,-37,s3,-11,-7,-20,s4,-9,-1,-10,s5,3,-10,-5,s6,0,-187,-13,s7,-9,-1,-11,s8,0,-4,2,s9,3,-13,9,s10,-1,-9,1,s11,-1,-10,2,s12,-1,1,-6,s13,0,0,0,s14,0,0,0,s15,0,0,0,s16,0,0,0,
74.29,0.02,4,0.00,s1,14,-10,-20,s2,-2,2,-35,s3,-9,-3,-24,s4,-10,3,-4,s5,10,-8,2,s6,-4,319,-15,s7,-5,2,-8,s8,-4,-2,-2,s9,5,-13,12,s10,-1,-3,-2,s11,1,-6,0,s12,3,-2,-8,s13,0,0,0,s14,0,0,0,s15,0,0,0,s16,0,0,0,
74.29,0.02,4,0.00,s1,7,-9,-22,s2,-2,-3,-40,s3,-7,-9,-22,s4,-17,-2,-11,s5,5,-6,-4,s6,-7,318,-20,s7,-3,-2,-4,s8,-5,-1,-4,s9,2,-14,9,s10,-3,-3,-1,s11,-1,-9,1,s12,-2,0,-11,s13,0,0,0,s14,0,0,0,s15,0,0,0,s16,0,0,0,
74.29,0.02,4,0.00,s1,13,-6,-23,s2,0,-4,-36,s3,-10,-8,-23,s4,-13,-1,-6,s5,10,-5,0,s6,-2,-188,-18,s7,-1,3,-10,s8,-5,2,-5,s9,5,-11,5,s10,-4,-10,-2,s11,-2,-5,2,s12,3,1,-6,s13,0,0,0,s14,0,0,0,s15,0,0,0,s16,0,0,0,
74.29,0.02,4,0.00,s1,7,-4,-25,s2,-6,-1,-37,s3,-10,-4,-22,s4,-16,-1,-9,s5,10,-9,1,s6,-1,-191,-14,s7,-7,1,-6,s8,-5,-1,-5,s9,5,-10,5,s10,0,-5,-2,s11,-1,-5,0,s12,-4,-1,-7,s13,0,0,0,s14,0,0,0,s15,0,0,0,s16,0,0,0,
74.29,0.02,4,0.00,s1,10,-9,-27,s2,2,-2,-39,s3,-10,1,-22,s4,-15,1,-11,s5,5,-9,2,s6,-1,-191,-17,s7,-5,3,-11,s8,-3,-4,0,s9,8,-10,7,s10,2,-3,-4,s11,4,-2,-1,s12,1,2,-6,s13,0,0,0,s14,0,0,0,s15,0,0,0,s16,0,0,0,
74.29,0.01,4,0.00,s1,12,-8,-32,s2,-2,2,-38,s3,-9,-9,-20,s4,-19,4,-14,s5,5,-2,4,s6,1,-190,-16,s7,-4,0,-15,s8,-1,0,-9,s9,4,-16,6,s10,-1,0,-4,s11,-2,-1,2,s12,1,-1,-8,s13,0,0,0,s14,0,0,0,s15,0,0,0,s16,0,0,0,
74.25,-0.01,4,0.00,s1,17,-5,-28,s2,-1,-5,-38,s3,-8,-9,-23,s4,-16,1,-9,s5,11,-8,-4,s6,2,-190,-13,s7,-3,6,-13,s8,-4,-3,-4,s9,2,-12,15,s10,0,-3,1,s11,-4,-3,0,s12,-3,0,-13,s13,0,0,0,s14,0,0,0,s15,0,0,0,s16,0,0,0,
74.12,-0.03,4,0.00,s1,8,-7,-27,s2,-5,-2,-39,s3,-13,-8,-22,s4,-16,6,-10,s5,8,-7,0,s6,-3,-189,-16,s7,-6,4,-12,s8,-4,-4,-8,s9,3,-14,13,s10,-2,0,-2,s11,0,-6,-7,s12,5,1,-5,s13,0,0,0,s14,0,0,0,s15,0,0,0,s16,0,0,0,
73.99,-0.03,4,0.00,s1,13,-7,-29,s2,-2,-2,-43,s3,-7,-3,-22,s4,-16,0,-15,s5,6,-8,1,s6,-2,-188,-16,s7,-4,3,-9,s8,-7,2,-6,s9,1,-15,4,s10,0,-5,-5,s11,-3,-4,-2,s12,0,-2,-6,s13,0,0,0,s14,0,0,0,s15,0,0,0,s16,0,0,0,
73.86,-0.05,4,0.00,s1,12,-9,-27,s2,0,-3,-42,s3,-9,-4,-24,s4,-14,-1,-18,s5,9,-6,2,s6,-1,-189,-14,s7,-6,0,-13,s8,-2,-7,-8,s9,1,-10,12,s10,4,-8,0,s11,-3,-7,2,s12,5,2,-18,s13,0,0,0,s14,0,0,0,s15,0,0,0,s16,0,0,0,
73.77,-0.06,4,0.00,s1,7,-11,-29,s2,-5,-1,-45,s3,-10,-8,-24,s4,-15,1,-9,s5,6,-10,-4,s6,0,-190,-16,s7,-6,4,-16,s8,-3,1,-6,s9,2,-10,8,s10,-1,2,-2,s11,2,-5,-3,s12,5,2,-9,s13,0,0,0,s14,0,0,0,s15,0,0,0,s16,0,0,0,
73.59,-0.06,4,0.00,s1,9,-9,-33,s2,-3,-2,-44,s3,-10,-3,-22,s4,-20,6,-11,s5,8,-10,-2,s6,-1,-191,-14,s7,-4,8,-13,s8,-5,-1,-5,s9,7,-11,13,s10,-5,-3,5,s11,-2,-3,1,s12,0,3,-10,s13,0,0,0,s14,0,0,0,s15,0,0,0,s16,0,0,0,
73.32,-0.06,4,0.00,s1,12,-7,-32,s2,-1,-1,-46,s3,-11,-10,-25,s4,-16,2,-9,s5,7,-12,-2,s6,-2,-189,-20,s7,-5,1,-12,s8,-3,-1,-9,s9,4,-14,9,s10,4,-1,0,s11,-4,-5,1,s12,5,0,-11,s13,0,0,0,s14,0,0,0,s15,0,0,0,s16,0,0,0,
73.23,-0.05,4,0.00,s1,15,-6,-31,s2,1,-4,-41,s3,-15,-8,-23,s4,-18,3,-9,s5,8,-12,-2,s6,-3,-185,-17,s7,-12,1,-11,s8,-2,0,-4,s9,9,-10,8,s10,-2,-5,1,s11,-1,0,1,s12,-1,2,-9,s13,0,0,0,s14,0,0,0,s15,0,0,0,s16,0,0,0,
72.99,-0.06,4,0.00,s1,15,0,-31,s2,-4,2,-50,s3,-9,-9,-27,s4,-17,0,-7,s5,6,-4,-4,s6,-1,-185,-19,s7,-5,-4,-11,s8,-8,-1,-3,s9,2,-12,11,s10,3,-6,5,s11,-4,-5,0,s12,4,-3,-8,s13,0,0,0,s14,0,0,0,s15,0,0,0,s16,0,0,0,
72.80,-0.06,4,0.00,s1,15,-5,-34,s2,-1,-2,-53,s3,-10,-5,-25,s4,-21,0,-12,s5,16,-11,-6,s6,0,-187,-24,s7,-15,5,-10,s8,-1,1,-11,s9,2,-8,11,s10,2,-5,3,s11,1,-5,1,s12,2,0,-10,s13,0,0,0,s14,0,0,0,s15,0,0,0,s16,0,0,0,
72.56,-0.06,4,0.00,s1,8,-6,-33,s2,1,-2,-49,s3,-8,-7,-27,s4,-20,1,-17,s5,7,-11,3,s6,1,-189,-19,s7,-4,2,-10,s8,-3,0,-5,s9,4,-9,9,s10,0,0,5,s11,0,-7,-2,s12,2,2,-10,s13,0,0,0,s14,0,0,0,s15,0,0,0,s16,0,0,0,
72.36,-0.04,4,0.00,s1,14,-10,-32,s2,0,-1,-47,s3,-8,-7,-25,s4,-15,3,-13,s5,4,-6,-1,s6,2,-188,-17,s7,-5,1,-16,s8,-1,-3,-8,s9,7,-6,13,s10,0,-5,-4,s11,-2,-10,2,s12,0,-2,-14,s13,0,0,0,s14,0,0,0,s15,0,0,0,s16,0,0,0,
72.05,-0.03,4,0.00,s1,12,-4,-36,s2,-1,-4,-48,s3,-16,-8,-20,s4,-20,3,-14,s5,6,-13,-4,s6,2,-186,-21,s7,-10,-2,-14,s8,-4,1,-7,s9,7,-14,10,s10,-4,-3,2,s11,3,-3,3,s12,-1,-4,-12,s13,0,0,0,s14,0,0,0,s15,0,0,0,s16,0,0,0,
71.84,-0.02,4,0.00,s1,19,-6,-35,s2,0,1,-50,s3,-13,-8,-28,s4,-16,0,-11,s5,13,-7,2,s6,-2,-188,-16,s7,-5,4,-14,s8,-8,2,-2,s9,4,-8,13,s10,3,-3,-2,s11,-1,-4,-3,s12,0,0,-6,s13,0,0,0,s14,0,0,0,s15,0,0,0,s16,0,0,0,
71.69,-0.03,4,0.00,s1,14,-8,-34,s2,0,-5,-51,s3,-12,-5,-24,s4,-21,4,-11,s5,10,-9,-2,s6,-1,-189,-21,s7,-5,-3,-14,s8,-3,-5,-5,s9,8,-12,8,s10,3,-5,-2,s11,0,-6,3,s12,2,1,-11,s13,0,0,0,s14,0,0,0,s15,0,0,0,s16,0,0,0,
71.58,-0.04,4,0.00,s1,13,-7,-35,s2,1,-2,-48,s3,-9,-11,-26,s4,-20,3,-10,s5,8,-9,-3,s6,-2,-184,-19,s7,-6,5,-16,s8,0,1,-6,s9,2,-9,8,s10,5,0,-1,s11,1,-6,1,s12,-2,-1,-7,s13,0,0,0,s14,0,0,0,s15,0,0,0,s16,0,0,0,
71.36,-0.04,4,0.00,s1,11,-7,-37,s2,-3,-4,-48,s3,-10,-8,-29,s4,-17,5,-9,s5,8,-10,-3,s6,-2,-185,-19,s7,-8,4,-14,s8,-6,-3,-6,s9,0,-10,7,s10,-1,-3,4,s11,-1,-3,1,s12,1,0,-7,s13,0,0,0,s14,0,0,0,s15,0,0,0,s16,0,0,0,
71.20,-0.04,4,0.00,s1,17,-5,-41,s2,0,1,-50,s3,-11,-7,-25,s4,-15,3,-19,s5,10,-3,-3,s6,-1,-185,-22,s7,-8,0,-14,s8,-5,-2,-9,s9,4,-10,9,s10,1,1,-3,s11,2,-3,-1,s12,1,-5,-10,s13,0,0,0,s14,0,0,0,s15,0,0,0,s16,0,0,0,
71.04,-0.05,4,0.00,s1,16,-3,-33,s2,1,3,-52,s3,-12,-3,-27,s4,-17,2,-18,s5,8,-6,-5,s6,-3,-187,-21,s7,-10,2,-16,s8,-1,-3,-5,s9,2,-13,13,s10,-1,-4,0,s11,-4,-6,-3,s12,2,-4,-9,s13,0,0,0,s14,0,0,0,s15,0,0,0,s16,0,0,0,
70.87,-0.06,4,0.00,s1,12,-8,-37,s2,-3,0,-53,s3,-10,-4,-28,s4,-17,8,-12,s5,5,-5,-5,s6,-5,-189,-20,s7,-5,3,-14,s8,1,1,-11,s9,4,-15,7,s10,0,-3,-3,s11,-4,-7,-3,s12,5,1,-9,s13,0,0,0,s14,0,0,0,s15,0,0,0,s16,0,0,0,
70.76,-0.07,4,0.00,s1,15,-3,-39,s2,0,-1,-53,s3,-15,-9,-25,s4,-17,5,-13,s5,7,-8,-4,s6,-1,-187,-20,s7,-7,2,-14,s8,-1,1,-6,s9,6,-12,9,s10,-1,-8,0,s11,-2,-2,-3,s12,1,-2,-7,s13,0,0,0,s14,0,0,0,s15,0,0,0,s16,0,0,0,
70.53,-0.07,4,0.00,s1,14,-6,-37,s2,0,1,-59,s3,-11,-11,-25,s4,-20,2,-17,s5,9,-10,-3,s6,-2,-188,-27,s7,-9,5,-13,s8,-1,-4,-6,s9,4,-12,8,s10,-1,-6,-4,s11,-1,-7,2,s12,5,-2,-9,s13,0,0,0,s14,0,0,0,s15,0,0,0,s16,0,0,0,
70.30,-0.07,4,0.00,s1,10,-9,-40,s2,-2,1,-51,s3,-11,-7,-32,s4,-24,-1,-15,s5,6,-11,-8,s6,-7,-186,-22,s7,-9,0,-13,s8,0,-3,-10,s9,1,-7,4,s10,-1,-3,-4,s11,-2,-8,-2,s12,0,1,-5,s13,0,0,0,s14,0,0,0,s15,0,0,0,s16,0,0,0,
70.07,-0.07,4,0.00,s1,15,-5,-37,s2,-1,0,-52,s3,-12,-9,-24,s4,-19,0,-18,s5,8,-9,-1,s6,1,-187,-22,s7,-13,3,-12,s8,5,-3,-6,s9,6,-13,2,s10,-1,-2,-1,s11,-1,-9,2,s12,4,-3,-10,s13,0,0,0,s14,0,0,0,s15,0,0,0,s16,0,0,0,
69.83,-0.06,4,0.00,s1,19,-6,-38,s2,-1,0,-58,s3,-14,-8,-33,s4,-19,3,-17,s5,8,-7,-2,s6,4,-188,-24,s7,-12,2,-15,s8,1,-4,-9,s9,1,-16,8,s10,-5,0,-1,s11,3,-2,-3,s12,3,2,-11,s13,0,0,0,s14,0,0,0,s15,0,0,0,s16,0,0,0,
69.65,-0.05,4,0.00,s1,16,-4,-41,s2,-1,3,-55,s3,-10,-6,-29,s4,-21,1,-13,s5,9,-6,-5,s6,-1,-187,-26,s7,-9,3,-13,s8,-3,-5,-5,s9,1,-11,7,s10,2,-3,0,s11,0,-6,1,s12,-3,2,-6,s13,0,0,0,s14,0,0,0,s15,0,0,0,s16,0,0,0,
69.41,-0.04,4,0.00,s1,16,0,-38,s2,0,4,-54,s3,-11,-9,-31,s4,-14,1,-16,s5,3,-8,-5,s6,-3,-188,-24,s7,-8,6,-13,s8,-4,-4,-2,s9,2,-8,7,s10,-1,-7,-2,s11,1,-4,-7,s12,2,2,-6,s13,0,0,0,s14,0,0,0,s15,0,0,0,s16,0,0,0,
69.23,-0.04,4,0.00,s1,19,-7,-40,s2,1,-1,-57,s3,-12,-9,-32,s4,-17,0,-9,s5,11,-11,-11,s6,-1,-186,-25,s7,-10,2,-14,s8,-3,4,-4,s9,2,-14,6,s10,2,-1,0,s11,-5,-7,-1,s12,6,-2,-6,s13,0,0,0,s14,0,0,0,s15,0,0,0,s16,0,0,0,
69.10,-0.06,4,0.00,s1,13,-5,-37,s2,-3,0,-55,s3,-16,-4,-31,s4,-18,0,-13,s5,7,-8,-6,s6,-1,-188,-23,s7,-11,5,-17,s8,-7,0,-6,s9,2,-12,9,s10,-2,-5,-4,s11,-3,-1,-2,s12,0,2,-8,s13,0,0,0,s14,0,0,0,s15,0,0,0,s16,0,0,0,
68.86,-0.06,4,0.00,s1,20,-7,-38,s2,-2,-1,-54,s3,-11,-4,-32,s4,-20,3,-17,s5,6,-7,-10,s6,-2,-184,-25,s7,-10,9,-20,s8,-4,-3,-8,s9,3,-9,6,s10,-4,-7,0,s11,-1,-6,1,s12,4,-2,-6,s13,0,0,0,s14,0,0,0,s15,0,0,0,s16,0,0,0,
68.67,-0.05,4,0.00,s1,18,-7,-36,s2,-3,-1,-60,s3,-18,-9,-34,s4,-19,4,-13,s5,11,-10,-7,s6,-2,-184,-26,s7,-13,4,-19,s8,-3,0,-3,s9,8,-9,4,s10,1,-8,-6,s11,-2,-8,-4,s12,-1,-2,-6,s13,0,0,0,s14,0,0,0,s15,0,0,0,s16,0,0,0,
68.48,-0.06,4,0.00,s1,17,0,-46,s2,-5,1,-63,s3,-13,-5,-31,s4,-22,-3,-15,s5,5,-8,-6,s6,-5,-185,-22,s7,-8,1,-15,s8,-7,-1,-6,s9,4,-11,6,s10,0,-7,-5,s11,-2,-4,6,s12,2,-4,-8,s13,0,0,0,s14,0,0,0,s15,0,0,0,s16,0,0,0,
68.35,-0.06,4,0.00,s1,15,1,-36,s2,0,0,-59,s3,-12,-12,-32,s4,-21,-1,-18,s5,11,-10,-3,s6,3,-190,-26,s7,-6,8,-16,s8,-6,1,-8,s9,1,-13,2,s10,0,-10,-1,s11,2,-3,-4,s12,0,-1,-8,s13,0,0,0,s14,0,0,0,s15,0,0,0,s16,0,0,0,
68.29,-0.08,4,0.00,s1,17,-5,-39,s2,2,-2,-59,s3,-18,-8,-35,s4,-21,-5,-11,s5,10,-4,-4,s6,1,-185,-26,s7,-10,5,-18,s8,-6,1,-5,s9,8,-10,2,s10,1,-1,1,s11,-1,-5,-1,s12,6,3,-9,s13,0,0,0,s14,0,0,0,s15,0,0,0,s16,0,0,0,
68.22,-0.09,4,0.00,s1,18,-5,-41,s2,-6,0,-64,s3,-15,-6,-33,s4,-21,1,-17,s5,12,-7,-6,s6,-2,-189,-25,s7,-8,4,-17,s8,-3,2,-8,s9,4,-11,-1,s10,4,-7,-5,s11,1,-7,1,s12,4,-2,-3,s13,0,0,0,s14,0,0,0,s15,0,0,0,s16,0,0,0,
68.03,-0.09,4,0.00,s1,17,-2,-38,s2,-1,4,-70,s3,-12,-11,-31,s4,-21,1,-14,s5,9,-8,-7,s6,-2,-186,-26,s7,-9,9,-17,s8,-2,-3,-5,s9,5,-11,1,s10,2,-4,4,s11,1,-5,2,s12,-4,-1,-7,s13,0,0,0,s14,0,0,0,s15,0,0,0,s16,0,0,0,
67.83,-0.09,4,0.00,s1,18,-3,-42,s2,1,6,-61,s3,-14,-4,-33,s4,-20,5,-12,s5,9,-6,-6,s6,0,-185,-24,s7,-9,1,-19,s8,-2,-4,-7,s9,5,-15,1,s10,1,0,-1,s11,0,-8,0,s12,0,2,-9,s13,0,0,0,s14,0,0,0,s15,0,0,0,s16,0,0,0,
67.63,-0.09,4,0.00,s1,18,0,-45,s2,-1,-3,-60,s3,-17,-4,-36,s4,-23,4,-13,s5,8,-7,-9,s6,-4,-186,-26,s7,-11,5,-16,s8,-8,-1,-12,s9,2,-15,-1,s10,-3,-4,-4,s11,-1,-3,-1,s12,2,-2,-7,s13,0,0,0,s14,0,0,0,s15,0,0,0,s16,0,0,0,
67.43,-0.10,4,0.00,s1,17,0,-46,s2,2,-2,-66,s3,-13,-8,-31,s4,-20,4,-11,s5,8,-7,-5,s6,0,-185,-26,s7,-8,6,-16,s8,-7,-3,-10,s9,6,-12,-3,s10,1,0,-5,s11,-4,-6,-1,s12,3,-1,-7,s13,0,0,0,s14,0,0,0,s15,0,0,0,s16,0,0,0,
67.37,-0.11,4,0.00,s1,23,-1,-44,s2,3,-2,-68,s3,-15,-4,-42,s4,-21,5,-15,s5,9,-4,-6,s6,0,-190,-29,s7,-12,4,-19,s8,-3,-3,-10,s9,8,-14,4,s10,-1,-5,0,s11,-3,-7,2,s12,3,-3,-8,s13,0,0,0,s14,0,0,0,s15,0,0,0,s16,0,0,0,
67.17,-0.11,4,0.00,s1,19,-5,-44,s2,-1,1,-68,s3,-11,-9,-36,s4,-20,2,-16,s5,9,-5,-11,s6,1,-186,-25,s7,-11,4,-20,s8,-7,4,-3,s9,2,-11,2,s10,4,-9,-6,s11,-1,3,-6,s12,4,-1,-8,s13,0,0,0,s14,0,0,0,s15,0,0,0,s16,0,0,0,
66.96,-0.11,4,0.00,s1,22,-9,-42,s2,-2,2,-69,s3,-13,-6,-40,s4,-22,4,-18,s5,9,-1,-2,s6,-4,-180,-28,s7,-10,0,-17,s8,-3,-1,-7,s9,7,-12,0,s10,-2,-10,2,s11,1,-6,-5,s12,0,-3,-8,s13,0,0,0,s14,0,0,0,s15,0,0,0,s16,0,0,0,
66.76,-0.11,4,0.00,s1,15,-1,-42,s2,-4,1,-67,s3,-13,-6,-44,s4,-20,5,-17,s5,10,-3,-5,s6,-3,-185,-23,s7,-16,6,-18,s8,1,1,-9,s9,-2,-7,3,s10,1,-4,-4,s11,3,-5,-4,s12,2,0,-10,s13,0,0,0,s14,0,0,0,s15,0,0,0,s16,0,0,0,
66.62,-0.11,4,0.00,s1,20,-2,-42,s2,-3,1,-72,s3,-14,-3,-37,s4,-15,7,-17,s5,5,-5,-9,s6,-1,-187,-25,s7,-8,8,-21,s8,-2,3,-9,s9,5,-9,1,s10,2,-4,-3,s11,3,-5,-1,s12,-1,-2,-7,s13,0,0,0,s14,0,0,0,s15,0,0,0,s16,0,0,0,
66.48,-0.12,4,0.00,s1,21,1,-44,s2,-1,0,-71,s3,-12,-8,-36,s4,-20,3,-16,s5,4,-10,-9,s6,-2,-187,-29,s7,-9,3,-21,s8,-8,-4,-9,s9,-1,-9,3,s10,1,-7,-7,s11,-1,-4,-3,s12,2,-1,-12,s13,0,0,0,s14,0,0,0,s15,0,0,0,s16,0,0,0,
66.34,-0.12,4,0.00,s1,21,-1,-44,s2,0,1,-69,s3,-17,-6,-38,s4,-22,1,-18,s5,6,-4,-11,s6,-1,-188,-25,s7,-13,8,-25,s8,-4,-2,-10,s9,8,-14,3,s10,2,-6,-8,s11,-1,-4,-4,s12,4,3,-9,s13,0,0,0,s14,0,0,0,s15,0,0,0,s16,0,0,0,
66.13,-0.12,4,0.00,s1,20,-3,-44,s2,-1,-5,-71,s3,-11,-5,-39,s4,-23,1,-10,s5,9,-9,-12,s6,-2,-185,-26,s7,-8,4,-23,s8,-1,1,-7,s9,9,-9,5,s10,0,-1,-1,s11,0,-3,3,s12,2,-1,-7,s13,0,0,0,s14,0,0,0,s15,0,0,0,s16,0,0,0,
65.92,-0.12,4,0.00,s1,20,-4,-40,s2,3,2,-70,s3,-13,-7,-40,s4,-17,3,-13,s5,12,-5,-11,s6,1,-190,-28,s7,-9,5,-23,s8,-3,3,-9,s9,7,-11,4,s10,2,-2,-4,s11,-1,-4,-2,s12,5,-1,-9,s13,0,0,0,s14,0,0,0,s15,0,0,0,s16,0,0,0,
65.71,-0.12,4,0.00,s1,22,-6,-45,s2,4,4,-71,s3,-15,-4,-38,s4,-23,2,-17,s5,10,-8,-10,s6,1,-184,-30,s7,-11,7,-22,s8,-5,1,-5,s9,4,-11,6,s10,0,-3,-6,s11,1,-7,2,s12,3,3,-7,s13,0,0,0,s14,0,0,0,s15,0,0,0,s16,0,0,0,
65.42,-0.12,4,0.00,s1,22,2,-37,s2,0,1,-75,s3,-14,-9,-41,s4,-23,2,-17,s5,8,0,-10,s6,-4,-188,-30,s7,-10,8,-23,s8,-4,-1,-6,s9,4,-11,1,s10,-4,-4,-3,s11,-2,-3,1,s12,-5,2,-7,s13,0,0,0,s14,0,0,0,s15,0,0,0,s16,0,0,0,
65.27,-0.12,4,0.00,s1,20,1,-42,s2,5,1,-71,s3,-17,-8,-40,s4,-20,3,-17,s5,6,-6,-6,s6,0,-185,-33,s7,-8,4,-23,s8,-7,-3,-11,s9,2,-8,-4,s10,0,-3,-6,s11,1,-5,-2,s12,2,-1,-6,s13,0,0,0,s14,0,0,0,s15,0,0,0,s16,0,0,0,
65.20,-0.13,4,0.00,s1,22,-5,-48,s2,0,-2,-74,s3,-17,-3,-40,s4,-21,4,-18,s5,12,-7,-8,s6,-4,-183,-26,s7,-12,7,-20,s8,-3,-2,-7,s9,8,-11,-1,s10,0,-5,-4,s11,-1,-4,-1,s12,1,-4,-14,s13,0,0,0,s14,0,0,0,s15,0,0,0,s16,0,0,0,
65.06,-0.14,4,0.00,s1,21,-1,-49,s2,0,0,-73,s3,-14,-5,-39,s4,-17,8,-18,s5,15,-9,-5,s6,0,-185,-26,s7,-9,2,-25,s8,-7,0,-13,s9,7,-8,2,s10,0,-2,-6,s11,-4,-2,-3,s12,0,-4,-13,s13,0,0,0,s14,0,0,0,s15,0,0,0,s16,0,0,0,
64.84,-0.14,4,0.00,s1,22,-4,-44,s2,0,6,-75,s3,-14,-8,-40,s4,-20,4,-17,s5,8,-7,-12,s6,-1,-187,-27,s7,-6,5,-19,s8,-7,-3,-8,s9,7,-12,3,s10,-1,-6,-4,s11,-2,-1,0,s12,-2,-5,-4,s13,0,0,0,s14,0,0,0,s15,0,0,0,s16,0,0,0,
64.69,-0.14,4,0.00,s1,22,-5,-43,s2,3,0,-76,s3,-20,-11,-40,s4,-27,6,-18,s5,13,-5,-9,s6,-4,-187,-29,s7,-12,6,-19,s8,-1,-2,-4,s9,10,-11,3,s10,4,-1,-3,s11,-3,-2,-6,s12,2,3,-9,s13,0,0,0,s14,0,0,0,s15,0,0,0,s16,0,0,0,
64.46,-0.13,4,0.00,s1,24,-1,-47,s2,-2,7,-77,s3,-9,-9,-38,s4,-21,1,-14,s5,8,-5,-14,s6,-2,-183,-24,s7,-8,3,-22,s8,-4,-1,-6,s9,7,-12,3,s10,1,-3,0,s11,1,-8,0,s12,0,-1,-9,s13,0,0,0,s14,0,0,0,s15,0,0,0,s16,0,0,0,
64.24,-0.13,4,0.00,s1,22,-5,-42,s2,2,5,-77,s3,-17,-5,-39,s4,-24,2,-13,s5,12,-5,-7,s6,-5,-184,-32,s7,-13,4,-20,s8,-2,-1,-10,s9,3,-15,5,s10,-3,-4,0,s11,-1,-3,-2,s12,1,-4,-9,s13,0,0,0,s14,0,0,0,s15,0,0,0,s16,0,0,0,
64.09,-0.14,4,0.00,s1,26,-6,-47,s2,0,1,-79,s3,-15,-7,-40,s4,-22,3,-17,s5,13,-7,-14,s6,-1,-182,-31,s7,-15,7,-21,s8,-3,-1,-9,s9,2,-13,5,s10,2,-11,-4,s11,1,-6,-2,s12,0,-3,-10,s13,0,0,0,s14,0,0,0,s15,0,0,0,s16,0,0,0,
63.94,-0.14,4,0.00,s1,21,-2,-50,s2,-2,3,-76,s3,-18,-8,-39,s4,-20,2,-15,s5,10,0,-6,s6,0,-183,-36,s7,-13,7,-23,s8,-6,0,-7,s9,10,-13,1,s10,1,-4,-6,s11,5,-3,-8,s12,1,0,-9,s13,0,0,0,s14,0,0,0,s15,0,0,0,s16,0,0,0,
63.71,-0.13,4,0.00,s1,20,-4,-43,s2,3,-1,-73,s3,-16,-8,-39,s4,-26,3,-12,s5,10,-8,-11,s6,-4,-183,-30,s7,-9,4,-20,s8,-4,-1,-7,s9,4,-8,-1,s10,4,2,-2,s11,1,-3,-6,s12,-2,0,-4,s13,0,0,0,s14,0,0,0,s15,0,0,0,s16,0,0,0,
63.40,-0.13,4,0.00,s1,21,-1,-53,s2,-2,4,-78,s3,-17,-11,-41,s4,-21,6,-13,s5,7,-7,-10,s6,0,-181,-30,s7,-12,2,-22,s8,-4,-3,-5,s9,4,-8,-2,s10,2,-3,-3,s11,6,-6,-5,s12,-1,-3,-11,s13,0,0,0,s14,0,0,0,s15,0,0,0,s16,0,0,0,
63.17,-0.12,4,0.00,s1,22,0,-51,s2,4,1,-77,s3,-20,-6,-43,s4,-24,1,-18,s5,11,-6,-9,s6,1,-183,-31,s7,-12,6,-24,s8,-3,-3,-10,s9,4,-7,-2,s10,4,-2,3,s11,1,-5,-2,s12,-1,-7,-13,s13,0,0,0,s14,0,0,0,s15,0,0,0,s16,0,0,0,
62.94,-0.12,4,0.00,s1,21,0,-49,s2,2,5,-80,s3,-19,-7,-43,s4,-27,3,-17,s5,10,-2,-11,s6,-3,-184,-30,s7,-11,7,-24,s8,-5,-7,-6,s9,3,-8,-2,s10,4,-5,-2,s11,0,-7,-6,s12,1,0,-9,s13,0,0,0,s14,0,0,0,s15,0,0,0,s16,0,0,0,
62.78,-0.12,4,0.00,s1,24,1,-47,s2,2,2,-75,s3,-15,-6,-43,s4,-20,4,-15,s5,10,-8,-9,s6,-1,-185,-29,s7,-10,11,-22,s8,-4,0,-4,s9,-2,-5,-1,s10,-4,-3,0,s11,1,-5,-7,s12,0,-2,-3,s13,0,0,0,s14,0,0,0,s15,0,0,0,s16,0,0,0,
62.54,-0.12,4,0.00,s1,29,-2,-48,s2,4,3,-81,s3,-21,-7,-42,s4,-17,2,-16,s5,10,-4,-14,s6,-2,-182,-31,s7,-11,6,-20,s8,-4,-6,-9,s9,2,-11,-4,s10,-1,-3,0,s11,1,-5,-5,s12,-2,-7,-8,s13,0,0,0,s14,0,0,0,s15,0,0,0,s16,0,0,0,
62.30,-0.11,4,0.00,s1,28,1,-50,s2,0,2,-82,s3,-19,-2,-40,s4,-20,2,-19,s5,11,-6,-7,s6,-3,-184,-34,s7,-13,2,-22,s8,-1,-1,-10,s9,5,-9,2,s10,6,-4,-3,s11,4,-9,-5,s12,2,0,-8,s13,0,0,0,s14,0,0,0,s15,0,0,0,s16,0,0,0,
62.07,-0.12,4,0.00,s1,24,1,-47,s2,2,6,-81,s3,-20,-5,-40,s4,-21,6,-18,s5,11,-6,-8,s6,1,-184,-31,s7,-11,10,-21,s8,-8,-3,-9,s9,9,-12,1,s10,-3,-1,-2,s11,2,-6,-5,s12,4,-1,-7,s13,0,0,0,s14,0,0,0,s15,0,0,0,s16,0,0,0,
61.90,-0.11,4,0.00,s1,23,-2,-45,s2,0,5,-77,s3,-12,-3,-43,s4,-21,4,-18,s5,11,-6,-11,s6,-1,-183,-32,s7,-17,11,-21,s8,-4,-6,-9,s9,8,-11,0,s10,-2,1,-4,s11,0,-5,-5,s12,2,-3,-8,s13,0,0,0,s14,0,0,0,s15,0,0,0,s16,0,0,0,
61.74,-0.11,4,0.00,s1,26,-2,-47,s2,2,0,-79,s3,-14,-7,-40,s4,-22,2,-19,s5,15,-3,-16,s6,1,-182,-34,s7,-11,9,-23,s8,-5,-3,-3,s9,4,-8,3,s10,3,-1,-3,s11,1,-5,-7,s12,3,-6,-9,s13,0,0,0,s14,0,0,0,s15,0,0,0,s16,0,0,0,
61.66,-0.12,4,0.00,s1,27,-3,-47,s2,-4,1,-86,s3,-15,-5,-47,s4,-21,4,-21,s5,7,-9,-9,s6,3,-182,-36,s7,-12,6,-24,s8,-1,-4,-10,s9,5,-14,8,s10,0,-8,-5,s11,-4,-6,-1,s12,0,-3,-4,s13,0,0,0,s14,0,0,0,s15,0,0,0,s16,0,0,0,
61.50,-0.12,4,0.00,s1,26,0,-46,s2,0,4,-86,s3,-20,-7,-45,s4,-24,1,-20,s5,7,-4,-9,s6,-1,-187,-36,s7,-12,7,-25,s8,-6,-2,-5,s9,7,-11,3,s10,4,-1,-1,s11,-2,-5,-4,s12,1,-5,-10,s13,0,0,0,s14,0,0,0,s15,0,0,0,s16,0,0,0,
61.25,-0.11,4,0.00,s1,25,-2,-52,s2,-3,3,-84,s3,-17,-8,-45,s4,-20,-1,-23,s5,19,-6,-7,s6,-1,-183,-31,s7,-13,7,-27,s8,-5,2,-8,s9,5,-15,-1,s10,2,-5,-4,s11,-2,-6,-10,s12,0,0,-4,s13,0,0,0,s14,0,0,0,s15,0,0,0,s16,0,0,0,
61.01,-0.11,4,0.00,s1,30,-2,-53,s2,0,7,-84,s3,-19,-8,-46,s4,-24,4,-22,s5,16,-8,-11,s6,-2,-185,-35,s7,-12,7,-25,s8,-6,-1,-6,s9,6,-13,4,s10,4,-6,-3,s11,-5,-3,-9,s12,0,0,-7,s13,0,0,0,s14,0,0,0,s15,0,0,0,s16,0,0,0,
60.84,-0.11,4,0.00,s1,25,-3,-51,s2,0,6,-81,s3,-18,-4,-46,s4,-21,1,-25,s5,16,-1,-12,s6,2,-182,-34,s7,-15,10,-24,s8,-3,-3,-12,s9,5,-12,5,s10,2,-5,-5,s11,0,-3,-8,s12,1,1,-8,s13,0,0,0,s14,0,0,0,s15,0,0,0,s16,0,0,0,
60.59,-0.11,4,0.00,s1,27,-3,-47,s2,1,8,-84,s3,-20,-4,-48,s4,-22,-2,-21,s5,14,-1,-6,s6,-1,-187,-35,s7,-11,11,-23,s8,0,3,-11,s9,3,-13,2,s10,1,-5,-4,s11,-1,-5,-4,s12,4,-2,-5,s13,0,0,0,s14,0,0,0,s15,0,0,0,s16,0,0,0,
60.59,-0.13,4,0.00,s1,26,0,-49,s2,-2,6,-83,s3,-15,-7,-47,s4,-19,5,-23,s5,13,-4,-11,s6,0,-179,-32,s7,-15,11,-22,s8,-10,-3,-14,s9,7,-13,-1,s10,-2,-5,-5,s11,2,-7,0,s12,2,-3,-10,s13,0,0,0,s14,0,0,0,s15,0,0,0,s16,0,0,0,
60.43,-0.14,4,0.00,s1,24,-3,-48,s2,2,2,-82,s3,-16,-4,-48,s4,-22,7,-23,s5,15,-6,-7,s6,-3,-181,-33,s7,-15,7,-26,s8,-5,-3,-16,s9,5,-10,2,s10,1,-6,-2,s11,-4,-5,-4,s12,0,-2,-10,s13,0,0,0,s14,0,0,0,s15,0,0,0,s16,0,0,0,
60.34,-0.15,4,0.00,s1,30,-4,-49,s2,3,1,-90,s3,-20,-7,-53,s4,-26,1,-19,s5,14,-1,-10,s6,-1,-183,-32,s7,-12,6,-24,s8,2,-4,-9,s9,4,-10,0,s10,2,-2,-7,s11,-3,-6,-4,s12,1,-3,-9,s13,0,0,0,s14,0,0,0,s15,0,0,0,s16,0,0,0,
60.09,-0.14,4,0.00,s1,31,0,-44,s2,-1,8,-81,s3,-17,-2,-52,s4,-26,-1,-23,s5,10,-5,-12,s6,-3,-182,-33,s7,-15,10,-25,s8,-1,-2,-12,s9,5,-9,3,s10,3,-5,-4,s11,-1,-3,-5,s12,0,-2,-8,s13,0,0,0,s14,0,0,0,s15,0,0,0,s16,0,0,0,
59.75,-0.13,4,0.00,s1,28,0,-45,s2,4,9,-87,s3,-18,-5,-45,s4,-25,1,-23,s5,11,-4,-15,s6,-1,-178,-33,s7,-16,5,-24,s8,-4,-3,-7,s9,8,-10,4,s10,1,-4,-4,s11,-4,-1,1,s12,-1,-2,-13,s13,0,0,0,s14,0,0,0,s15,0,0,0,s16,0,0,0,
59.50,-0.13,4,0.00,s1,29,-1,-52,s2,3,2,-86,s3,-20,-7,-50,s4,-23,1,-25,s5,14,-5,-9,s6,7,-187,-31,s7,-12,7,-28,s8,-9,-3,-5,s9,8,-12,1,s10,3,-5,-6,s11,1,-7,1,s12,4,-5,-8,s13,0,0,0,s14,0,0,0,s15,0,0,0,s16,0,0,0,
59.32,-0.12,4,0.00,s1,26,-3,-49,s2,-3,6,-87,s3,-25,-6,-50,s4,-25,-2,-19,s5,16,-8,-12,s6,-2,-187,-35,s7,-14,10,-27,s8,-5,-1,-11,s9,5,-11,7,s10,1,-5,-1,s11,-4,-6,-2,s12,5,-3,-13,s13,0,0,0,s14,0,0,0,s15,0,0,0,s16,0,0,0,
59.15,-0.12,4,0.00,s1,36,-2,-50,s2,3,9,-84,s3,-18,-4,-51,s4,-21,1,-22,s5,12,-7,-17,s6,3,-179,-35,s7,-8,9,-25,s8,-3,-4,-11,s9,2,-11,4,s10,-1,-2,-6,s11,3,-8,-1,s12,3,-4,-12,s13,0,0,0,s14,0,0,0,s15,0,0,0,s16,0,0,0,
58.98,-0.13,4,0.00,s1,27,-2,-53,s2,3,6,-94,s3,-18,-2,-50,s4,-20,4,-20,s5,14,-2,-15,s6,1,-183,-31,s7,-11,7,-24,s8,-4,-2,-5,s9,2,-7,5,s10,-3,-5,-4,s11,-2,-5,-6,s12,4,-2,-9,s13,0,0,0,s14,0,0,0,s15,0,0,0,s16,0,0,0,
58.72,-0.13,4,0.00,s1,26,1,-53,s2,-2,6,-89,s3,-17,-3,-50,s4,-23,4,-23,s5,11,-8,-12,s6,-1,-181,-35,s7,-9,9,-24,s8,-5,-3,-8,s9,12,-13,1,s10,1,-4,-5,s11,4,-2,-7,s12,-2,-4,-5,s13,0,0,0,s14,0,0,0,s15,0,0,0,s16,0,0,0,
58.46,-0.12,4,0.00,s1,27,0,-56,s2,0,4,-88,s3,-12,-6,-52,s4,-24,3,-28,s5,10,-5,-13,s6,0,-183,-35,s7,-13,7,-28,s8,-5,-1,-12,s9,4,-5,0,s10,1,-7,-8,s11,3,-7,-7,s12,2,-8,-11,s13,0,0,0,s14,0,0,0,s15,0,0,0,s16,0,0,0,
58.28,-0.12,4,0.00,s1,28,2,-58,s2,3,0,-91,s3,-17,-3,-49,s4,-22,5,-23,s5,14,-3,-12,s6,0,-186,-36,s7,-15,9,-28,s8,-7,-5,-5,s9,4,-8,-3,s10,6,-6,-4,s11,-1,-6,-7,s12,1,-3,-6,s13,0,0,0,s14,0,0,0,s15,0,0,0,s16,0,0,0,
58.02,-0.12,4,0.00,s1,28,3,-52,s2,1,9,-94,s3,-17,-7,-54,s4,-24,6,-26,s5,12,-3,-15,s6,0,-182,-36,s7,-8,6,-27,s8,-2,0,-8,s9,6,-6,7,s10,3,-4,-3,s11,5,-7,-2,s12,0,-4,-8,s13,0,0,0,s14,0,0,0,s15,0,0,0,s16,0,0,0,
57.84,-0.12,4,0.00,s1,29,3,-53,s2,1,8,-94,s3,-16,-4,-47,s4,-22,5,-18,s5,14,-6,-11,s6,-1,-178,-35,s7,-13,5,-31,s8,-4,6,-3,s9,6,-13,3,s10,0,0,-4,s11,-6,-3,-1,s12,2,-3,-8,s13,0,0,0,s14,0,0,0,s15,0,0,0,s16,0,0,0,
57.75,-0.13,4,0.00,s1,30,1,-50,s2,2,5,-95,s3,-21,-5,-51,s4,-18,5,-24,s5,11,-3,-13,s6,-5,-176,-43,s7,-16,12,-28,s8,-3,-1,-9,s9,6,-12,4,s10,-1,-4,-6,s11,2,-4,2,s12,-1,-2,-9,s13,0,0,0,s14,0,0,0,s15,0,0,0,s16,0,0,0,
57.57,-0.13,4,0.00,s1,32,1,-55,s2,2,10,-100,s3,-20,-3,-51,s4,-21,1,-23,s5,10,-4,-16,s6,1,-180,-42,s7,-13,11,-23,s8,-8,-1,-13,s9,7,-11,2,s10,0,-5,-5,s11,1,-5,-1,s12,4,-3,-4,s13,0,0,0,s14,0,0,0,s15,0,0,0,s16,0,0,0,
57.39,-0.12,4,0.00,s1,26,-1,-58,s2,4,5,-97,s3,-21,-8,-53,s4,-25,3,-20,s5,20,0,-14,s6,0,-179,-37,s7,-14,8,-29,s8,-6,-1,-10,s9,5,-10,5,s10,-2,-5,-2,s11,-1,-3,-5,s12,2,-1,-8,s13,0,0,0,s14,0,0,0,s15,0,0,0,s16,0,0,0,
57.12,-0.12,4,0.00,s1,31,1,-55,s2,2,7,-94,s3,-23,-4,-54,s4,-28,3,-17,s5,17,-4,-18,s6,2,-177,-35,s7,-12,11,-28,s8,-1,-1,-9,s9,8,-12,5,s10,-4,-8,-2,s11,-4,-3,-2,s12,1,-2,1,s13,0,0,0,s14,0,0,0,s15,0,0,0,s16,0,0,0,
56.85,-0.12,4,0.00,s1,33,0,-55,s2,3,0,-92,s3,-16,-8,-54,s4,-25,-1,-18,s5,14,-7,-16,s6,0,-181,-40,s7,-16,11,-25,s8,-6,0,-7,s9,3,-16,3,s10,3,-1,-3,s11,-1,-2,0,s12,-2,-3,-5,s13,0,0,0,s14,0,0,0,s15,0,0,0,s16,0,0,0,
56.67,-0.12,4,0.00,s1,33,1,-54,s2,3,4,-93,s3,-17,-7,-51,s4,-24,-1,-24,s5,14,-3,-19,s6,-4,-180,-34,s7,-13,11,-29,s8,0,0,-3,s9,7,-7,2,s10,2,-1,-5,s11,-1,-6,2,s12,2,-3,-5,s13,0,0,0,s14,0,0,0,s15,0,0,0,s16,0,0,0,
56.58,-0.12,4,0.00,s1,30,-4,-55,s2,1,6,-98,s3,-21,-5,-50,s4,-25,1,-22,s5,14,-4,-14,s6,-4,-183,-39,s7,-15,11,-29,s8,-4,-2,-6,s9,2,-11,-6,s10,-1,-6,-2,s11,-3,-2,-3,s12,1,-1,-9,s13,0,0,0,s14,0,0,0,s15,0,0,0,s16,0,0,0,
56.40,-0.13,4,0.00,s1,35,-2,-54,s2,0,7,-94,s3,-20,-4,-50,s4,-23,2,-21,s5,13,-3,-13,s6,-1,-178,-35,s7,-15,7,-26,s8,-3,3,-3,s9,3,-10,-1,s10,1,-6,-3,s11,1,-3,-2,s12,5,1,-3,s13,0,0,0,s14,0,0,0,s15,0,0,0,s16,0,0,0,
56.31,-0.13,4,0.00,s1,29,3,-54,s2,2,6,-97,s3,-17,-4,-56,s4,-22,0,-23,s5,11,-1,-16,s6,0,-182,-41,s7,-18,6,-33,s8,-7,0,-8,s9,4,-12,0,s10,0,-2,-7,s11,0,-6,-6,s12,1,2,-6,s13,0,0,0,s14,0,0,0,s15,0,0,0,s16,0,0,0,
56.21,-0.14,4,0.00,s1,31,-2,-58,s2,5,3,-95,s3,-23,-3,-51,s4,-27,4,-24,s5,12,-6,-17,s6,-1,-177,-46,s7,-15,9,-27,s8,-5,-2,-14,s9,4,-13,1,s10,-1,-2,-3,s11,3,-4,-1,s12,1,0,-13,s13,0,0,0,s14,0,0,0,s15,0,0,0,s16,0,0,0,
56.03,-0.14,4,0.00,s1,33,-1,-54,s2,-1,8,-98,s3,-20,-8,-54,s4,-21,5,-23,s5,13,-6,-17,s6,-5,-177,-41,s7,-11,10,-29,s8,-2,-3,-10,s9,6,-10,-5,s10,1,-4,-2,s11,-5,-6,0,s12,0,-4,-12,s13,0,0,0,s14,0,0,0,s15,0,0,0,s16,0,0,0,
55.66,-0.13,4,0.00,s1,32,0,-57,s2,2,6,-98,s3,-16,-8,-54,s4,-20,3,-19,s5,17,-4,-13,s6,-1,-182,-40,s7,-13,12,-34,s8,-7,-1,-11,s9,8,-14,-2,s10,-1,-4,-2,s11,-1,-5,-4,s12,4,-1,-12,s13,0,0,0,s14,0,0,0,s15,0,0,0,s16,0,0,0,
55.47,-0.13,4,0.00,s1,32,4,-62,s2,3,7,-97,s3,-18,-3,-59,s4,-26,0,-27,s5,13,-5,-17,s6,-1,-182,-39,s7,-9,6,-29,s8,-3,0,-13,s9,6,-11,2,s10,-1,-2,-3,s11,-4,-5,-5,s12,1,-6,-7,s13,0,0,0,s14,0,0,0,s15,0,0,0,s16,0,0,0,
55.29,-0.13,4,0.00,s1,35,0,-55,s2,3,6,-97,s3,-17,1,-57,s4,-25,-2,-22,s5,14,-5,-13,s6,-2,-178,-44,s7,-16,7,-31,s8,1,3,-10,s9,4,-13,-2,s10,1,1,-1,s11,0,0,-3,s12,0,-1,-5,s13,0,0,0,s14,0,0,0,s15,0,0,0,s16,0,0,0,
55.19,-0.14,4,0.00,s1,29,-1,-61,s2,0,3,-97,s3,-23,-4,-56,s4,-19,5,-20,s5,13,-5,-20,s6,-5,-179,-39,s7,-13,7,-34,s8,0,0,-13,s9,3,-10,0,s10,2,2,-5,s11,3,-5,-3,s12,-2,-3,-9,s13,0,0,0,s14,0,0,0,s15,0,0,0,s16,0,0,0,
55.10,-0.15,4,0.00,s1,30,0,-55,s2,2,6,-102,s3,-20,-5,-56,s4,-20,0,-23,s5,14,-2,-20,s6,2,-178,-40,s7,-12,12,-28,s8,-6,-2,-12,s9,1,-11,-2,s10,-3,0,-8,s11,1,-4,-2,s12,7,-8,-9,s13,0,0,0,s14,0,0,0,s15,0,0,0,s16,0,0,0,
54.91,-0.15,4,0.00,s1,36,-1,-52,s2,0,10,-100,s3,-17,0,-60,s4,-27,1,-23,s5,11,-3,-16,s6,0,-179,-45,s7,-12,9,-23,s8,0,-1,-11,s9,4,-8,-4,s10,0,2,0,s11,1,-6,-4,s12,2,-4,-7,s13,0,0,0,s14,0,0,0,s15,0,0,0,s16,0,0,0,
54.63,-0.15,4,0.00,s1,33,-2,-55,s2,-1,6,-97,s3,-17,-4,-56,s4,-27,3,-22,s5,12,-7,-15,s6,-1,-184,-38,s7,-13,8,-30,s8,0,4,-10,s9,4,-11,-3,s10,8,-5,-2,s11,-3,-4,-4,s12,3,0,-13,s13,0,0,0,s14,0,0,0,s15,0,0,0,s16,0,0,0,
54.35,-0.13,4,0.00,s1,31,1,-60,s2,0,6,-104,s3,-19,-3,-61,s4,-28,4,-20,s5,12,-6,-16,s6,0,-182,-40,s7,-8,10,-30,s8,-3,-3,-10,s9,6,-10,-2,s10,1,-1,-4,s11,-3,-5,-7,s12,2,-3,-7,s13,0,0,0,s14,0,0,0,s15,0,0,0,s16,0,0,0,
54.06,-0.12,4,0.00,s1,34,-1,-61,s2,-1,14,-107,s3,-20,-5,-55,s4,-22,-3,-23,s5,14,-3,-16,s6,-1,-180,-41,s7,-16,9,-29,s8,-5,-1,-10,s9,9,-10,-4,s10,4,-8,-6,s11,-1,-11,-4,s12,1,-3,-12,s13,0,0,0,s14,0,0,0,s15,0,0,0,s16,0,0,0,
53.87,-0.12,4,0.00,s1,36,1,-57,s2,2,5,-101,s3,-21,-6,-60,s4,-22,2,-28,s5,15,-1,-20,s6,0,-178,-42,s7,-14,12,-32,s8,0,-1,-5,s9,7,-10,0,s10,3,-1,-7,s11,3,-5,-7,s12,3,3,-9,s13,0,0,0,s14,0,0,0,s15,0,0,0,s16,0,0,0,
53.68,-0.12,4,0.00,s1,29,-3,-55,s2,3,10,-101,s3,-18,-7,-59,s4,-21,1,-26,s5,15,-2,-18,s6,0,-177,-45,s7,-19,10,-27,s8,-5,0,-2,s9,5,-14,-1,s10,3,-4,-8,s11,0,-1,-3,s12,2,-3,-12,s13,0,0,0,s14,0,0,0,s15,0,0,0,s16,0,0,0,
53.48,-0.12,4,0.00,s1,34,0,-54,s2,0,6,-104,s3,-23,0,-63,s4,-21,1,-25,s5,14,-2,-16,s6,9,-182,-43,s7,-12,14,-30,s8,-6,-4,-11,s9,5,-11,-1,s10,7,-1,-4,s11,-2,-5,-3,s12,4,-6,-6,s13,0,0,0,s14,0,0,0,s15,0,0,0,s16,0,0,0,
53.29,-0.13,4,0.00,s1,34,1,-55,s2,-1,6,-105,s3,-21,-3,-57,s4,-24,1,-26,s5,19,-3,-16,s6,-2,-177,-43,s7,-18,11,-31,s8,-1,-1,-12,s9,11,-7,-4,s10,3,-2,-3,s11,-2,-4,-4,s12,3,-3,-6,s13,0,0,0,s14,0,0,0,s15,0,0,0,s16,0,0,0,
53.10,-0.13,4,0.00,s1,30,4,-57,s2,3,10,-105,s3,-15,-3,-57,s4,-26,-1,-26,s5,14,-5,-19,s6,-1,-177,-44,s7,-14,7,-31,s8,-1,-6,-12,s9,9,-10,-6,s10,5,0,-4,s11,0,-9,-5,s12,5,-4,-8,s13,0,0,0,s14,0,0,0,s15,0,0,0,s16,0,0,0,
52.90,-0.12,4,0.00,s1,34,2,-60,s2,0,6,-104,s3,-16,-4,-56,s4,-23,8,-24,s5,13,-2,-16,s6,1,-179,-44,s7,-17,9,-29,s8,-6,-3,-10,s9,-1,-11,-3,s10,0,3,-9,s11,1,0,-4,s12,4,-3,-10,s13,0,0,0,s14,0,0,0,s15,0,0,0,s16,0,0,0,
52.71,-0.12,4,0.00,s1,33,4,-62,s2,-1,10,-106,s3,-22,-6,-61,s4,-24,0,-25,s5,13,-1,-16,s6,0,-183,-44,s7,-17,4,-28,s8,-2,2,-8,s9,10,-11,-1,s10,3,-6,-9,s11,-1,-6,-7,s12,-1,0,-10,s13,0,0,0,s14,0,0,0,s15,0,0,0,s16,0,0,0,
52.51,-0.13,4,0.00,s1,38,3,-55,s2,0,8,-108,s3,-19,-6,-59,s4,-21,4,-22,s5,15,-7,-20,s6,2,-178,-41,s7,-13,9,-31,s8,-7,-1,-7,s9,3,-11,-6,s10,-2,-1,-11,s11,-3,-7,-8,s12,2,-7,-9,s13,0,0,0,s14,0,0,0,s15,0,0,0,s16,0,0,0,
52.32,-0.13,4,0.00,s1,34,7,-61,s2,4,9,-105,s3,-21,-5,-62,s4,-24,0,-27,s5,18,-2,-18,s6,2,-183,-46,s7,-17,12,-33,s8,-4,-4,-7,s9,10,-9,1,s10,0,-2,-5,s11,5,-4,3,s12,2,-2,-9,s13,0,0,0,s14,0,0,0,s15,0,0,0,s16,0,0,0,
52.12,-0.14,4,0.00,s1,34,3,-55,s2,3,13,-107,s3,-20,1,-60,s4,-25,-2,-22,s5,13,1,-20,s6,0,-182,-43,s7,-15,13,-35,s8,-7,-2,-11,s9,7,-13,-3,s10,4,-7,-6,s11,-2,-2,0,s12,5,-2,-7,s13,0,0,0,s14,0,0,0,s15,0,0,0,s16,0,0,0,
52.02,-0.13,4,0.00,s1,32,5,-59,s2,3,8,-104,s3,-25,-5,-60,s4,-23,9,-24,s5,14,-3,-21,s6,1,-181,-41,s7,-17,7,-39,s8,0,-4,-11,s9,3,-10,1,s10,-4,-1,-3,s11,5,-5,-6,s12,1,-1,-9,s13,0,0,0,s14,0,0,0,s15,0,0,0,s16,0,0,0,
51.92,-0.14,4,0.00,s1,33,2,-59,s2,7,11,-103,s3,-15,-5,-58,s4,-25,2,-20,s5,16,-1,-17,s6,1,-179,-45,s7,-15,11,-29,s8,-7,2,-11,s9,1,-12,-7,s10,2,1,-7,s11,0,-3,-6,s12,3,-2,-11,s13,0,0,0,s14,0,0,0,s15,0,0,0,s16,0,0,0,
51.62,-0.13,4,0.00,s1,35,-1,-59,s2,-1,7,-110,s3,-23,-4,-58,s4,-24,4,-23,s5,18,-6,-20,s6,-6,-177,-43,s7,-13,14,-31,s8,-6,-1,-12,s9,5,-8,-6,s10,3,-5,-7,s11,-1,-5,-5,s12,0,-8,-9,s13,0,0,0,s14,0,0,0,s15,0,0,0,s16,0,0,0,
51.42,-0.12,4,0.00,s1,34,1,-57,s2,-1,10,-112,s3,-22,-3,-62,s4,-24,3,-24,s5,11,-2,-22,s6,0,-178,-41,s7,-17,14,-32,s8,-1,2,-11,s9,-2,-7,-5,s10,0,-1,-8,s11,3,-1,-4,s12,4,-5,-11,s13,0,0,0,s14,0,0,0,s15,0,0,0,s16,0,0,0,
51.23,-0.13,4,0.00,s1,34,2,-62,s2,1,7,-107,s3,-20,-4,-65,s4,-26,-1,-26,s5,17,-3,-20,s6,0,-174,-48,s7,-14,11,-30,s8,-1,4,-12,s9,4,-12,-6,s10,4,-3,-3,s11,-4,-6,-3,s12,-1,-1,-11,s13,0,0,0,s14,0,0,0,s15,0,0,0,s16,0,0,0,
51.13,-0.13,4,0.00,s1,37,2,-59,s2,1,9,-110,s3,-23,-1,-59,s4,-20,-3,-30,s5,16,1,-23,s6,7,-179,-41,s7,-13,11,-29,s8,-2,-2,-12,s9,0,-7,-3,s10,6,-4,-6,s11,-1,-5,-5,s12,-1,-2,-8,s13,0,0,0,s14,0,0,0,s15,0,0,0,s16,0,0,0,
51.02,-0.14,4,0.00,s1,33,5,-65,s2,2,7,-107,s3,-21,-4,-58,s4,-25,2,-27,s5,20,0,-21,s6,-1,-183,-48,s7,-13,10,-33,s8,-8,-1,-5,s9,6,-9,-6,s10,5,-2,-6,s11,3,-7,-2,s12,-1,-4,-10,s13,0,0,0,s14,0,0,0,s15,0,0,0,s16,0,0,0,
50.92,-0.15,4,0.00,s1,36,5,-66,s2,-1,9,-109,s3,-21,-8,-59,s4,-25,1,-27,s5,14,1,-20,s6,-3,-180,-47,s7,-14,10,-31,s8,-4,-1,-7,s9,1,-11,-10,s10,5,-1,-4,s11,-1,-5,-5,s12,4,-6,-9,s13,0,0,0,s14,0,0,0,s15,0,0,0,s16,0,0,0,
50.82,-0.16,4,0.00,s1,36,4,-61,s2,4,8,-106,s3,-21,-3,-66,s4,-22,-1,-22,s5,14,1,-20,s6,2,-178,-44,s7,-16,9,-33,s8,-7,-3,-13,s9,6,-8,-4,s10,0,1,-2,s11,0,-10,0,s12,6,-7,-5,s13,0,0,0,s14,0,0,0,s15,0,0,0,s16,0,0,0,
50.62,-0.16,4,0.00,s1,33,5,-65,s2,1,8,-107,s3,-19,-6,-60,s4,-22,4,-25,s5,11,1,-22,s6,-3,-180,-46,s7,-16,15,-31,s8,-6,1,-10,s9,2,-8,-7,s10,0,-7,-7,s11,1,-4,-3,s12,1,-1,-10,s13,0,0,0,s14,0,0,0,s15,0,0,0,s16,0,0,0,
50.52,-0.16,4,0.00,s1,41,0,-66,s2,4,10,-114,s3,-22,-7,-64,s4,-25,-2,-25,s5,17,-5,-20,s6,1,-179,-44,s7,-16,10,-32,s8,-2,-2,-12,s9,4,-10,-11,s10,2,-3,-2,s11,-1,-3,-6,s12,6,2,-9,s13,0,0,0,s14,0,0,0,s15,0,0,0,s16,0,0,0,
50.42,-0.17,4,0.00,s1,39,1,-67,s2,6,14,-109,s3,-19,-7,-59,s4,-27,4,-22,s5,15,1,-22,s6,-1,-181,-47,s7,-16,12,-30,s8,-2,-2,-10,s9,6,-14,-9,s10,4,-3,-3,s11,2,-6,-7,s12,2,-3,-9,s13,0,0,0,s14,0,0,0,s15,0,0,0,s16,0,0,0,
50.22,-0.18,4,0.00,s1,34,4,-62,s2,2,9,-113,s3,-17,-4,-66,s4,-28,-1,-22,s5,15,-6,-20,s6,-5,-177,-43,s7,-13,11,-32,s8,-5,-4,-8,s9,5,-10,-7,s10,-2,-2,-2,s11,0,-4,-5,s12,0,-1,-11,s13,0,0,0,s14,0,0,0,s15,0,0,0,s16,0,0,0,
49.91,-0.17,4,0.00,s1,41,4,-60,s2,-1,10,-116,s3,-19,0,-62,s4,-23,2,-28,s5,10,-2,-26,s6,-3,-178,-45,s7,-16,13,-35,s8,-6,0,-16,s9,5,-9,-7,s10,5,5,-5,s11,-4,-2,-7,s12,3,-1,-14,s13,0,0,0,s14,0,0,0,s15,0,0,0,s16,0,0,0,
49.61,-0.16,4,0.00,s1,35,7,-64,s2,4,11,-115,s3,-23,-6,-62,s4,-24,0,-24,s5,16,-4,-24,s6,2,-181,-46,s7,-20,9,-35,s8,-7,-1,-12,s9,6,-10,-6,s10,2,1,-7,s11,2,-9,-6,s12,3,-7,-5,s13,0,0,0,s14,0,0,0,s15,0,0,0,s16,0,0,0,
49.40,-0.16,4,0.00,s1,37,7,-57,s2,5,9,-115,s3,-20,-7,-64,s4,-21,-2,-30,s5,15,-4,-22,s6,5,-178,-44,s7,-19,11,-40,s8,0,-2,-11,s9,4,-12,-12,s10,-1,-3,-9,s11,3,-5,-6,s12,0,-2,-8,s13,0,0,0,s14,0,0,0,s15,0,0,0,s16,0,0,0,
49.20,-0.16,4,0.00,s1,37,6,-58,s2,2,14,-116,s3,-25,-1,-61,s4,-25,2,-21,s5,13,-4,-24,s6,0,-179,-42,s7,-15,14,-28,s8,-4,-3,-12,s9,5,-7,-11,s10,1,-1,-8,s11,-2,-2,-3,s12,1,-1,-15,s13,0,0,0,s14,0,0,0,s15,0,0,0,s16,0,0,0,
49.20,-0.17,4,0.00,s1,39,5,-61,s2,5,12,-114,s3,-24,-7,-60,s4,-22,1,-26,s5,13,-2,-27,s6,-1,-181,-44,s7,-22,6,-38,s8,-6,1,-13,s9,5,-5,-9,s10,1,-2,-3,s11,-2,-4,-6,s12,2,-1,-17,s13,0,0,0,s14,0,0,0,s15,0,0,0,s16,0,0,0,
49.09,-0.17,4,0.00,s1,40,4,-65,s2,3,7,-122,s3,-22,-8,-60,s4,-25,2,-30,s5,15,-1,-25,s6,-3,-179,-46,s7,-15,13,-39,s8,-1,-1,-12,s9,5,-10,-7,s10,3,-6,-3,s11,-1,-9,-9,s12,5,-2,-12,s13,0,0,0,s14,0,0,0,s15,0,0,0,s16,0,0,0,
48.78,-0.17,4,0.00,s1,39,3,-66,s2,0,10,-118,s3,-21,-8,-67,s4,-30,1,-31,s5,11,-2,-20,s6,0,-176,-48,s7,-18,13,-33,s8,-9,-1,-12,s9,4,-13,-7,s10,3,-3,-9,s11,1,0,-7,s12,0,1,-13,s13,0,0,0,s14,0,0,0,s15,0,0,0,s16,0,0,0,
48.47,-0.16,4,0.00,s1,41,1,-65,s2,-1,10,-118,s3,-23,-5,-67,s4,-22,3,-30,s5,16,0,-21,s6,3,-184,-47,s7,-15,9,-32,s8,-5,0,-15,s9,4,-7,-10,s10,2,-2,-5,s11,-2,-6,-2,s12,0,-3,-12,s13,0,0,0,s14,0,0,0,s15,0,0,0,s16,0,0,0,
48.16,-0.15,4,0.00,s1,38,8,-62,s2,6,8,-122,s3,-20,0,-64,s4,-26,4,-35,s5,18,0,-24,s6,6,-175,-52,s7,-20,13,-33,s8,-3,1,-14,s9,8,-6,-9,s10,2,3,-8,s11,-2,-2,0,s12,5,-5,-7,s13,0,0,0,s14,0,0,0,s15,0,0,0,s16,0,0,0,
48.05,-0.15,4,0.00,s1,40,8,-64,s2,2,11,-115,s3,-24,-3,-69,s4,-23,-1,-27,s5,13,2,-22,s6,2,-181,-45,s7,-18,14,-38,s8,-3,3,-15,s9,3,-7,-4,s10,3,-2,-8,s11,-2,-5,-5,s12,0,-4,-11,s13,0,0,0,s14,0,0,0,s15,0,0,0,s16,0,0,0,
47.84,-0.15,4,0.00,s1,43,4,-67,s2,6,12,-114,s3,-18,-5,-65,s4,-25,0,-28,s5,14,4,-23,s6,-1,-183,-43,s7,-18,13,-38,s8,0,2,-15,s9,6,-10,-6,s10,4,-1,-4,s11,-5,-10,-4,s12,-1,-4,-10,s13,0,0,0,s14,0,0,0,s15,0,0,0,s16,0,0,0,
47.63,-0.16,4,0.00,s1,41,2,-65,s2,0,12,-119,s3,-25,-4,-68,s4,-27,2,-30,s5,18,1,-27,s6,0,-177,-48,s7,-15,10,-37,s8,-5,-2,-8,s9,6,-11,-6,s10,-2,-5,-5,s11,3,-4,-4,s12,2,-4,-11,s13,0,0,0,s14,0,0,0,s15,0,0,0,s16,0,0,0,
47.53,-0.16,4,0.00,s1,42,4,-62,s2,5,11,-122,s3,-22,-5,-67,s4,-27,5,-26,s5,14,5,-25,s6,1,-173,-45,s7,-15,13,-39,s8,-3,2,-13,s9,7,-3,-5,s10,6,-2,-3,s11,2,-6,-5,s12,5,-3,-7,s13,0,0,0,s14,0,0,0,s15,0,0,0,s16,0,0,0,
47.42,-0.16,4,0.00,s1,40,5,-67,s2,4,11,-118,s3,-24,-6,-62,s4,-22,3,-26,s5,17,0,-25,s6,1,-174,-43,s7,-17,14,-41,s8,-5,-2,-12,s9,0,-8,-7,s10,-1,0,-6,s11,2,-4,-6,s12,-1,-2,-5,s13,0,0,0,s14,0,0,0,s15,0,0,0,s16,0,0,0,
47.11,-0.16,4,0.00,s1,39,5,-60,s2,1,12,-120,s3,-25,-3,-62,s4,-23,1,-28,s5,16,-2,-26,s6,1,-176,-44,s7,-13,6,-38,s8,-4,0,-12,s9,5,-9,-5,s10,-2,-1,-6,s11,-1,-4,-10,s12,0,0,-13,s13,0,0,0,s14,0,0,0,s15,0,0,0,s16,0,0,0,
46.79,-0.15,4,0.00,s1,40,3,-66,s2,4,9,-123,s3,-22,-4,-68,s4,-23,1,-32,s5,16,-1,-26,s6,0,-181,-50,s7,-17,14,-35,s8,-1,-3,-7,s9,6,-5,-10,s10,4,0,-3,s11,1,-5,-6,s12,1,-3,-9,s13,0,0,0,s14,0,0,0,s15,0,0,0,s16,0,0,0,
46.58,-0.15,4,0.00,s1,38,5,-63,s2,2,12,-121,s3,-24,-4,-71,s4,-27,0,-31,s5,14,2,-22,s6,-2,-178,-45,s7,-19,12,-35,s8,-3,-5,-13,s9,2,-8,-7,s10,-1,-1,-2,s11,-1,-4,-6,s12,6,-4,-8,s13,0,0,0,s14,0,0,0,s15,0,0,0,s16,0,0,0,
46.47,-0.16,4,0.00,s1,39,6,-64,s2,5,12,-122,s3,-22,-5,-69,s4,-26,-1,-27,s5,19,2,-21,s6,0,-177,-51,s7,-17,13,-35,s8,-3,-3,-13,s9,7,-8,-13,s10,0,-1,-9,s11,-2,-1,-9,s12,0,-5,-7,s13,0,0,0,s14,0,0,0,s15,0,0,0,s16,0,0,0,
46.26,-0.16,4,0.00,s1,41,4,-64,s2,1,9,-125,s3,-24,-4,-62,s4,-20,3,-33,s5,15,-4,-25,s6,2,-179,-52,s7,-15,10,-38,s8,-3,-2,-13,s9,5,-8,-8,s10,3,-4,-11,s11,2,-6,-2,s12,5,-5,-11,s13,0,0,0,s14,0,0,0,s15,0,0,0,s16,0,0,0,
46.04,-0.16,4,0.00,s1,37,7,-65,s2,5,10,-121,s3,-21,-2,-77,s4,-27,-6,-33,s5,15,2,-23,s6,-3,-178,-49,s7,-18,13,-36,s8,-7,-3,-10,s9,1,-9,-4,s10,-3,0,-4,s11,2,-4,-1,s12,2,-3,-6,s13,0,0,0,s14,0,0,0,s15,0,0,0,s16,0,0,0,
45.93,-0.16,4,0.00,s1,41,3,-66,s2,5,10,-125,s3,-20,-3,-72,s4,-24,3,-27,s5,14,3,-20,s6,2,-179,-46,s7,-14,15,-39,s8,-4,-5,-10,s9,7,-7,-9,s10,4,-4,-6,s11,3,-8,-3,s12,5,0,-10,s13,0,0,0,s14,0,0,0,s15,0,0,0,s16,0,0,0,
45.83,-0.17,4,0.00,s1,45,5,-69,s2,3,11,-124,s3,-19,-3,-69,s4,-23,3,-26,s5,10,-4,-22,s6,-5,-173,-48,s7,-18,12,-37,s8,-3,-6,-8,s9,5,-12,-8,s10,2,-1,-6,s11,0,-6,-5,s12,3,-6,-8,s13,0,0,0,s14,0,0,0,s15,0,0,0,s16,0,0,0,
45.83,-0.17,4,0.00,s1,42,4,-67,s2,8,12,-124,s3,-27,-6,-70,s4,-28,-2,-32,s5,18,2,-25,s6,1,-178,-49,s7,-21,12,-37,s8,-6,0,-11,s9,3,-8,-8,s10,2,-2,-8,s11,-2,-9,-9,s12,3,-10,-8,s13,0,0,0,s14,0,0,0,s15,0,0,0,s16,0,0,0,
45.61,-0.18,4,0.00,s1,43,3,-65,s2,-1,11,-128,s3,-23,-6,-70,s4,-26,3,-22,s5,13,-3,-26,s6,-1,-178,-48,s7,-19,12,-34,s8,-7,4,-11,s9,7,-8,-3,s10,-1,-1,-8,s11,-1,-6,-6,s12,4,-3,-7,s13,0,0,0,s14,0,0,0,s15,0,0,0,s16,0,0,0,
45.29,-0.17,4,0.00,s1,41,6,-62,s2,5,10,-118,s3,-26,-4,-68,s4,-32,3,-31,s5,17,0,-26,s6,1,-171,-51,s7,-17,13,-36,s8,-7,-1,-11,s9,4,-9,-8,s10,2,-1,-7,s11,-1,-4,-5,s12,2,-4,-9,s13,0,0,0,s14,0,0,0,s15,0,0,0,s16,0,0,0,
45.18,-0.17,4,0.00,s1,40,6,-65,s2,6,10,-128,s3,-20,-6,-71,s4,-24,4,-33,s5,16,2,-29,s6,-2,-178,-50,s7,-17,12,-40,s8,-1,-2,-9,s9,5,-8,-9,s10,-2,-3,-13,s11,-2,-6,-8,s12,1,0,-8,s13,0,0,0,s14,0,0,0,s15,0,0,0,s16,0,0,0,
45.07,-0.18,4,0.00,s1,41,4,-62,s2,2,12,-124,s3,-24,-7,-67,s4,-26,1,-26,s5,18,-2,-29,s6,2,-176,-53,s7,-13,7,-41,s8,2,-1,-15,s9,4,-11,-3,s10,0,-1,-9,s11,0,-7,-9,s12,2,-7,-10,s13,0,0,0,s14,0,0,0,s15,0,0,0,s16,0,0,0,
45.07,-0.19,4,0.00,s1,41,8,-64,s2,-1,7,-125,s3,-25,-8,-71,s4,-25,2,-33,s5,14,3,-29,s6,0,-177,-48,s7,-18,10,-37,s8,0,-2,-7,s9,5,-9,-7,s10,3,3,-3,s11,1,-7,-8,s12,2,-2,-8,s13,0,0,0,s14,0,0,0,s15,0,0,0,s16,0,0,0,
44.85,-0.19,4,0.00,s1,44,1,-68,s2,1,11,-124,s3,-22,-5,-70,s4,-24,-1,-32,s5,11,-3,-26,s6,-4,-178,-50,s7,-25,9,-37,s8,-5,-1,-9,s9,1,-8,-6,s10,0,-3,-5,s11,2,-6,-7,s12,-1,-6,-12,s13,0,0,0,s14,0,0,0,s15,0,0,0,s16,0,0,0,
44.64,-0.19,4,0.00,s1,42,6,-67,s2,7,13,-125,s3,-19,-4,-69,s4,-24,2,-32,s5,12,0,-28,s6,-3,-176,-50,s7,-20,13,-39,s8,-3,-3,-9,s9,5,-8,-9,s10,4,5,-5,s11,0,-6,-9,s12,3,-2,-12,s13,0,0,0,s14,0,0,0,s15,0,0,0,s16,0,0,0,
44.64,-0.20,4,0.00,s1,36,3,-64,s2,5,11,-118,s3,-23,-9,-65,s4,-22,-2,-25,s5,8,0,-26,s6,1,-175,-52,s7,-19,13,-40,s8,-8,-3,-10,s9,7,-8,-3,s10,3,-3,-8,s11,-2,-8,-7,s12,-1,-1,-13,s13,0,0,0,s14,0,0,0,s15,0,0,0,s16,0,0,0,
44.64,-0.22,4,0.00,s1,32,-10,-7,s2,32,6,-70,s3,-20,-13,-42,s4,-23,1,-16,s5,16,-1,-15,s6,2,-172,-52,s7,-24,13,-29,s8,-6,-4,-10,s9,9,-3,1,s10,-2,-1,-2,s11,-1,-5,-6,s12,1,1,-6,s13,0,0,0,s14,0,0,0,s15,0,0,0,s16,0,0,0,
44.42,-0.23,4,0.00,s1,23,-22,59,s2,55,-2,-27,s3,-22,-21,-17,s4,-17,-5,-7,s5,15,-1,-1,s6,4,-174,-52,s7,-19,12,-27,s8,-6,0,-6,s9,8,-2,5,s10,1,1,-1,s11,0,-8,-2,s12,0,-1,-4,s13,0,0,0,s14,0,0,0,s15,0,0,0,s16,0,0,0,
44.09,-0.21,4,0.00,s1,-7,-59,211,s2,95,-20,94,s3,-30,-32,20,s4,-13,-9,15,s5,18,-1,35,s6,4,-176,-52,s7,-18,18,-18,s8,-5,-4,5,s9,6,-6,23,s10,1,-7,-1,s11,-6,-2,1,s12,-5,0,-2,s13,0,0,0,s14,0,0,0,s15,0,0,0,s16,0,0,0,
43.65,-0.19,4,0.00,s1,-76,-161,519,s2,262,-102,368,s3,474,-60,147,s4,-4,-20,52,s5,18,-15,108,s6,11,-169,-56,s7,-18,22,-2,s8,-2,-7,20,s9,13,-1,53,s10,2,4,9,s11,-8,0,3,s12,-2,6,5,s13,0,0,0,s14,0,0,0,s15,0,0,0,s16,0,0,0,
43.43,-0.19,4,0.00,s1,-163,-275,913,s2,448,-191,763,s3,473,-99,290,s4,12,-46,76,s5,25,-28,165,s6,25,-160,-63,s7,-27,27,9,s8,-1,-4,28,s9,9,-2,87,s10,4,6,10,s11,-11,7,10,s12,-5,11,11,s13,0,0,0,s14,0,0,0,s15,0,0,0,s16,0,0,0,
43.21,-0.19,4,0.00,s1,-297,-398,1365,s2,645,-356,1306,s3,465,-135,457,s4,30,-67,122,s5,25,-36,218,s6,36,-161,-69,s7,-35,29,10,s8,-7,-7,42,s9,16,2,110,s10,0,19,11,s11,-12,10,14,s12,-7,15,16,s13,0,0,0,s14,0,0,0,s15,0,0,0,s16,0,0,0,
43.10,-0.20,4,0.00,s1,-441,-553,1801,s2,896,-544,1782,s3,468,-180,620,s4,46,-84,152,s5,25,-37,256,s6,45,-151,-78,s7,-44,38,6,s8,-8,-8,49,s9,16,6,123,s10,2,23,-3,s11,-13,21,13,s12,-9,17,15,s13,0,0,0,s14,0,0,0,s15,0,0,0,s16,0,0,0,
43.10,-0.21,4,0.00,s1,-517,-640,2025,s2,1021,-632,2117,s3,472,-206,709,s4,45,-92,181,s5,19,-45,270,s6,58,-146,-78,s7,-53,42,-3,s8,-2,-11,47,s9,22,10,126,s10,4,24,-7,s11,-17,19,15,s12,-5,15,18,s13,0,0,0,s14,0,0,0,s15,0,0,0,s16,0,0,0,
43.10,-0.22,4,0.00,s1,-572,-683,2156,s2,1073,-696,2310,s3,-35,-217,764,s4,47,-97,200,s5,19,-39,276,s6,58,-148,-78,s7,-54,43,-7,s8,-8,-11,51,s9,21,5,130,s10,4,29,-8,s11,-19,19,14,s12,-4,14,25,s13,0,0,0,s14,0,0,0,s15,0,0,0,s16,0,0,0,
42.98,-0.23,4,0.00,s1,-617,-712,2259,s2,1125,-749,2461,s3,-33,-229,812,s4,49,-100,218,s5,12,-50,273,s6,57,-144,-79,s7,-63,41,-6,s8,-1,-15,51,s9,16,8,136,s10,5,27,-17,s11,-23,20,11,s12,-7,18,25,s13,0,0,0,s14,0,0,0,s15,0,0,0,s16,0,0,0,
42.98,-0.24,4,0.00,s1,-663,-746,2358,s2,1167,-779,2625,s3,-23,-233,857,s4,43,-106,233,s5,8,-49,266,s6,62,-145,-86,s7,-59,47,-11,s8,-3,-14,51,s9,22,4,137,s10,1,25,-14,s11,-21,20,10,s12,-3,17,25,s13,0,0,0,s14,0,0,0,s15,0,0,0,s16,0,0,0,
42.76,-0.25,4,0.00,s1,-761,-797,2600,s2,1238,-882,3013,s3,1,-248,982,s4,48,-111,266,s5,4,-49,282,s6,69,-147,-92,s7,-61,44,-5,s8,-2,-17,61,s9,28,13,140,s10,4,26,-19,s11,-21,22,12,s12,-8,22,29,s13,0,0,0,s14,0,0,0,s15,0,0,0,s16,0,0,0,
42.65,-0.25,4,0.00,s1,-984,-961,3272,s2,1449,-1130,3760,s3,71,-265,1250,s4,62,-132,326,s5,-5,-57,325,s6,73,-153,-102,s7,-58,33,-16,s8,-4,-22,60,s9,20,14,163,s10,7,29,-25,s11,-23,25,2,s12,-11,25,32,s13,0,0,0,s14,0,0,0,s15,0,0,0,s16,0,0,0,
42.43,-0.25,4,0.00,s1,-1226,-1112,3967,s2,1620,-1296,4669,s3,161,-270,1490,s4,64,-150,393,s5,-16,-70,371,s6,74,-151,-123,s7,-53,16,-23,s8,5,-27,71,s9,25,14,177,s10,3,32,-39,s11,-28,21,-3,s12,-5,30,42,s13,0,0,0,s14,0,0,0,s15,0,0,0,s16,0,0,0,
42.20,-0.25,4,0.00,s1,-1467,-1279,4864,s2,1799,-1532,5815,s3,292,-263,1831,s4,73,-171,435,s5,-22,-88,437,s6,79,-164,-148,s7,-37,-1,-30,s8,11,-34,77,s9,24,14,204,s10,2,31,-50,s11,-20,25,-3,s12,-6,26,42,s13,0,0,0,s14,0,0,0,s15,0,0,0,s16,0,0,0,
42.09,-0.25,4,0.00,s1,-1714,-1407,5566,s2,1983,-1709,6638,s3,400,-261,2092,s4,79,-185,447,s5,-36,-116,495,s6,86,-179,-160,s7,-28,-15,-37,s8,9,-41,74,s9,24,11,235,s10,2,33,-52,s11,-25,22,-9,s12,-4,28,46,s13,0,0,0,s14,0,0,0,s15,0,0,0,s16,0,0,0,
42.09,-0.26,4,0.00,s1,-1318,-1448,5916,s2,2071,-1771,7048,s3,436,-262,2184,s4,80,-192,451,s5,-46,-118,512,s6,87,-187,-147,s7,-33,-25,-50,s8,12,-39,73,s9,24,10,239,s10,2,32,-51,s11,-27,22,-6,s12,-4,27,47,s13,0,0,0,s14,0,0,0,s15,0,0,0,s16,0,0,0,
41.98,-0.27,4,0.00,s1,-1435,-1488,6262,s2,2136,-1847,7491,s3,494,-259,2320,s4,79,-197,470,s5,-46,-139,539,s6,101,304,-140,s7,-23,-29,-50,s8,9,-31,68,s9,27,10,253,s10,3,30,-50,s11,-23,22,-5,s12,1,30,52,s13,0,0,0,s14,0,0,0,s15,0,0,0,s16,0,0,0,
41.75,-0.27,4,0.00,s1,-1639,-1578,6951,s2,2288,-1982,8141,s3,583,-265,2542,s4,89,-212,490,s5,-58,-158,599,s6,130,274,-110,s7,-13,-42,-54,s8,15,-40,68,s9,22,6,282,s10,6,38,-56,s11,-26,25,-11,s12,-7,31,57,s13,0,0,0,s14,0,0,0,s15,0,0,0,s16,0,0,0,
41.75,-0.28,4,0.00,s1,-1774,-1653,7510,s2,2431,-2066,8728,s3,629,-273,2652,s4,92,-214,476,s5,-75,-175,646,s6,141,258,-91,s7,-10,-46,-63,s8,12,-42,67,s9,30,3,299,s10,12,32,-47,s11,-26,30,-7,s12,-7,35,60,s13,0,0,0,s14,0,0,0,s15,0,0,0,s16,0,0,0,
41.64,-0.29,4,0.00,s1,-1884,-1692,7814,s2,2507,-2123,8983,s3,651,-277,2684,s4,92,-218,464,s5,-78,-189,671,s6,154,251,-79,s7,-15,-47,-65,s8,8,-37,70,s9,25,5,310,s10,16,37,-49,s11,-31,25,-6,s12,-4,34,60,s13,0,0,0,s14,0,0,0,s15,0,0,0,s16,0,0,0,
41.64,-0.30,4,0.00,s1,-1927,-1712,7943,s2,2545,-2137,9041,s3,651,-278,2657,s4,85,-215,442,s5,-88,-187,678,s6,158,250,-81,s7,-17,-38,-71,s8,12,-43,73,s9,25,2,308,s10,18,38,-47,s11,-33,30,-1,s12,-4,30,59,s13,0,0,0,s14,0,0,0,s15,0,0,0,s16,0,0,0,
41.64,-0.31,4,0.00,s1,-1977,-1728,8062,s2,2584,-2154,9113,s3,656,-286,2659,s4,85,-210,428,s5,-87,-194,688,s6,162,247,-75,s7,-16,-43,-70,s8,13,-36,67,s9,29,2,314,s10,17,36,-50,s11,-24,27,1,s12,-3,31,57,s13,0,0,0,s14,0,0,0,s15,0,0,0,s16,0,0,0,
41.42,-0.32,4,0.00,s1,-2112,-1793,8543,s2,2705,-2225,9589,s3,706,-288,2759,s4,91,-216,435,s5,-92,-211,728,s6,179,227,-45,s7,-7,-50,-67,s8,14,-41,68,s9,21,0,339,s10,18,36,-43,s11,-26,32,-8,s12,-7,36,61,s13,0,0,0,s14,0,0,0,s15,0,0,0,s16,0,0,0,
41.30,-0.32,4,0.00,s1,-2243,-1853,9132,s2,2825,-2304,9999,s3,733,-297,2817,s4,98,-218,399,s5,-100,-230,792,s6,198,211,-26,s7,-11,-55,-73,s8,13,-43,59,s9,24,2,355,s10,18,39,-36,s11,-29,34,0,s12,-3,40,58,s13,0,0,0,s14,0,0,0,s15,0,0,0,s16,0,0,0,
41.19,-0.32,4,0.00,s1,-2376,-1905,9601,s2,2931,-2366,10307,s3,759,-295,2867,s4,100,-222,384,s5,-105,-263,835,s6,213,185,2,s7,-7,-61,-67,s8,14,-43,65,s9,24,-3,378,s10,27,40,-37,s11,-31,32,-3,s12,-7,31,63,s13,0,0,0,s14,0,0,0,s15,0,0,0,s16,0,0,0,
40.96,-0.32,4,0.00,s1,-2585,-2033,10653,s2,3181,-2505,11296,s3,861,-312,3095,s4,111,-250,391,s5,-114,-303,943,s6,258,130,74,s7,6,-80,-54,s8,9,-49,56,s9,26,-2,413,s10,25,42,-25,s11,-32,40,-1,s12,-8,42,68,s13,0,0,0,s14,0,0,0,s15,0,0,0,s16,0,0,0,
40.74,-0.31,4,0.00,s1,-2727,-2131,11452,s2,3342,-2571,11701,s3,868,-313,3017,s4,103,-240,311,s5,-123,-339,1025,s6,298,102,95,s7,9,-86,-65,s8,11,-46,52,s9,25,-5,435,s10,30,51,-24,s11,-33,41,4,s12,-10,35,67,s13,0,0,0,s14,0,0,0,s15,0,0,0,s16,0,0,0,
40.62,-0.31,4,0.00,s1,-2987,-2245,12269,s2,3579,-2703,12598,s3,980,-322,3312,s4,120,-266,346,s5,-142,-400,1130,s6,361,35,196,s7,23,-111,-47,s8,14,-48,52,s9,25,-16,468,s10,40,44,-13,s11,-30,45,9,s12,-8,41,69,s13,0,0,0,s14,0,0,0,s15,0,0,0,s16,0,0,0,
40.62,-0.33,4,0.00,s1,-3115,-2279,12639,s2,3680,-2754,13020,s3,1022,-318,3416,s4,129,-280,366,s5,-159,-421,1161,s6,385,4,238,s7,26,-120,-40,s8,11,-50,51,s9,23,-17,483,s10,41,50,-14,s11,-32,44,11,s12,-11,39,72,s13,0,0,0,s14,0,0,0,s15,0,0,0,s16,0,0,0,
40.51,-0.34,4,0.00,s1,-3241,-2315,13011,s2,3761,-2806,13476,s3,1063,-320,3546,s4,138,-288,380,s5,-173,-442,1198,s6,406,-34,294,s7,37,-132,-25,s8,14,-48,48,s9,23,-16,499,s10,42,51,-16,s11,-27,49,9,s12,-11,40,76,s13,0,0,0,s14,0,0,0,s15,0,0,0,s16,0,0,0,
40.40,-0.34,4,0.00,s1,-3458,-2410,13793,s2,3947,-2937,14218,s3,1165,-327,3791,s4,152,-313,407,s5,-199,-503,1294,s6,463,-106,391,s7,52,-162,-2,s8,15,-53,54,s9,22,-24,526,s10,49,50,-12,s11,-36,54,7,s12,-9,46,81,s13,0,0,0,s14,0,0,0,s15,0,0,0,s16,0,0,0,
40.28,-0.34,4,0.00,s1,-3650,-2510,14604,s2,4155,-3050,15134,s3,1268,-338,4022,s4,166,-336,418,s5,-229,-558,1401,s6,524,-179,476,s7,73,-191,8,s8,11,-57,45,s9,23,-32,555,s10,54,48,-12,s11,-33,56,12,s12,-14,41,87,s13,0,0,0,s14,0,0,0,s15,0,0,0,s16,0,0,0,
40.28,-0.36,4,0.00,s1,-3772,-2549,14965,s2,4238,-3095,15547,s3,1317,-327,4111,s4,173,-342,436,s5,-253,-578,1444,s6,554,-212,531,s7,87,-204,27,s8,15,-58,44,s9,23,-33,569,s10,59,54,-8,s11,-36,55,10,s12,-12,49,95,s13,0,0,0,s14,0,0,0,s15,0,0,0,s16,0,0,0,
40.28,-0.37,4,40.28,s1,-3859,-2566,15147,s2,4304,-3121,15767,s3,1341,-328,4177,s4,174,-346,429,s5,-263,-601,1465,s6,564,-233,554,s7,87,-211,36,s8,16,-59,45,s9,19,-35,577,s10,60,55,-7,s11,-36,58,14,s12,-13,50,89,s13,0,0,0,s14,0,0,0,s15,0,0,0,s16,0,0,0,
40.28,-0.37,4,40.28,s1,-3928,-2588,15352,s2,4355,-3150,16017,s3,1368,-321,4232,s4,179,-351,437,s5,-278,-607,1492,s6,579,-253,590,s7,93,-222,35,s8,16,-57,40,s9,15,-35,581,s10,64,53,-9,s11,-38,55,10,s12,-7,46,90,s13,0,0,0,s14,0,0,0,s15,0,0,0,s16,0,0,0,
40.28,-0.38,4,40.28,s1,-3996,-2602,15496,s2,4405,-3166,16169,s3,1390,-326,4270,s4,184,-354,440,s5,-288,-619,1514,s6,586,-264,611,s7,99,-225,45,s8,11,-56,36,s9,21,-37,587,s10,67,53,-9,s11,-36,56,12,s12,-14,51,88,s13,0,0,0,s14,0,0,0,s15,0,0,0,s16,0,0,0,
40.17,-0.39,4,40.28,s1,-4051,-2618,15599,s2,4442,-3176,16318,s3,1413,-324,4312,s4,181,-356,442,s5,-300,-629,1517,s6,595,-283,629,s7,103,-230,51,s8,18,-67,35,s9,25,-36,589,s10,60,50,-8,s11,-34,54,13,s12,-14,46,98,s13,0,0,0,s14,0,0,0,s15,0,0,0,s16,0,0,0,
40.28,-0.39,4,40.28,s1,-4101,-2631,15691,s2,4466,-3194,16441,s3,1427,-321,4337,s4,185,-359,447,s5,-313,-635,1529,s6,600,-290,635,s7,100,-232,50,s8,13,-57,37,s9,20,-42,593,s10,60,51,-8,s11,-29,60,9,s12,-12,49,94,s13,0,0,0,s14,0,0,0,s15,0,0,0,s16,0,0,0,
40.17,-0.40,4,40.28,s1,-4135,-2637,15779,s2,4498,-3201,16520,s3,1440,-320,4360,s4,185,-357,446,s5,-315,-639,1536,s6,606,-305,648,s7,104,-234,56,s8,13,-61,37,s9,21,-40,598,s10,63,52,-10,s11,-34,59,14,s12,-11,50,97,s13,0,0,0,s14,0,0,0,s15,0,0,0,s16,0,0,0,
40.17,-0.40,4,40.28,s1,-4175,-2641,15846,s2,4520,-3208,16621,s3,1452,-317,4382,s4,188,-358,453,s5,-322,-649,1543,s6,609,-307,665,s7,109,-232,58,s8,10,-58,36,s9,28,-42,600,s10,68,54,-11,s11,-37,59,16,s12,-11,50,96,s13,0,0,0,s14,0,0,0,s15,0,0,0,s16,0,0,0,
40.17,-0.41,4,40.28,s1,-4206,-2648,15912,s2,4541,-3219,16707,s3,1464,-317,4406,s4,185,-357,451,s5,-332,-652,1551,s6,616,-319,675,s7,112,-238,55,s8,18,-56,35,s9,25,-41,598,s10,65,57,-9,s11,-32,58,13,s12,-14,50,100,s13,0,0,0,s14,0,0,0,s15,0,0,0,s16,0,0,0,
40.17,-0.42,4,40.28,s1,-4235,-2655,15974,s2,4562,-3228,16795,s3,1473,-315,4426,s4,191,-357,454,s5,-341,-655,1557,s6,617,-321,681,s7,110,-237,59,s8,9,-60,34,s9,17,-43,601,s10,69,52,-13,s11,-33,59,13,s12,-8,49,94,s13,0,0,0,s14,0,0,0,s15,0,0,0,s16,0,0,0,
40.05,-0.42,4,40.28,s1,-4288,-2678,16177,s2,4611,-3265,16967,s3,1504,-320,4491,s4,195,-366,460,s5,-348,-668,1584,s6,634,-344,713,s7,118,-244,66,s8,19,-59,34,s9,19,-39,610,s10,71,51,-7,s11,-34,60,19,s12,-10,52,100,s13,0,0,0,s14,0,0,0,s15,0,0,0,s16,0,0,0,
39.71,-0.42,4,40.28,s1,-4557,-2815,17342,s2,4877,-3428,18170,s3,1655,-339,4828,s4,219,-402,474,s5,-398,-754,1752,s6,717,-461,856,s7,161,-295,120,s8,16,-66,34,s9,18,-48,653,s10,79,55,0,s11,-36,63,19,s12,-18,51,104,s13,0,0,0,s14,0,0,0,s15,0,0,0,s16,0,0,0,
39.48,-0.41,4,40.28,s1,-4832,-2968,18376,s2,5112,-3615,19591,s3,1810,-354,5187,s4,245,-434,490,s5,-443,-858,1934,s6,799,-575,1046,s7,194,-349,179,s8,24,-80,34,s9,14,-57,686,s10,83,47,-6,s11,-33,66,21,s12,-14,53,111,s13,0,0,0,s14,0,0,0,s15,0,0,0,s16,0,0,0,
39.25,-0.40,4,40.28,s1,-5199,-3148,19908,s2,5507,-3870,20957,s3,1990,-374,5585,s4,274,-477,493,s5,-528,-1011,2183,s6,923,-745,1301,s7,252,-412,255,s8,20,-90,34,s9,11,-70,739,s10,91,46,-2,s11,-36,67,23,s12,-17,55,114,s13,0,0,0,s14,0,0,0,s15,0,0,0,s16,0,0,0,
39.02,-0.39,4,40.28,s1,-5600,-3294,21531,s2,5939,-4065,22703,s3,2162,-384,5968,s4,302,-510,490,s5,-639,-1192,2436,s6,1025,-940,1590,s7,322,-484,336,s8,30,-98,32,s9,0,-76,797,s10,94,44,6,s11,-28,70,29,s12,-15,60,124,s13,0,0,0,s14,0,0,0,s15,0,0,0,s16,0,0,0,
38.90,-0.38,4,40.28,s1,-6052,-4161,23359,s2,6174,-4846,23706,s3,2193,-542,6022,s4,272,-544,647,s5,-652,-1367,2431,s6,1034,-1092,1597,s7,287,-498,257,s8,16,-121,66,s9,10,-83,535,s10,92,42,-101,s11,-35,54,-10,s12,-20,43,118,s13,0,0,0,s14,0,0,0,s15,0,0,0,s16,0,0,0,
38.79,-0.38,4,40.28,s1,-5961,-4637,24451,s2,7205,-6183,26133,s3,2710,-857,6781,s4,360,-707,-180,s5,-697,-1487,2432,s6,1221,-1286,1632,s7,415,-166,147,s8,-107,-126,-184,s9,50,-108,476,s10,112,47,-274,s11,1,44,-211,s12,-50,-28,69,s13,0,0,0,s14,0,0,0,s15,0,0,0,s16,0,0,0,
38.79,-0.38,4,40.28,s1,-6166,-4034,22190,s2,6773,-6198,28064,s3,3097,-865,8291,s4,469,-780,56,s5,-845,-1419,2354,s6,1163,-1469,1893,s7,703,-444,637,s8,-92,-177,-197,s9,30,-114,545,s10,108,29,-247,s11,16,59,-237,s12,-67,-14,66,s13,0,0,0,s14,0,0,0,s15,0,0,0,s16,0,0,0,
38.79,-0.39,4,40.28,s1,-6174,-3623,21040,s2,6489,-5990,28536,s3,3194,-774,8816,s4,551,-792,195,s5,-859,-1348,2345,s6,1124,-1483,1979,s7,781,-532,889,s8,-74,-188,-191,s9,26,-120,604,s10,106,25,-221,s11,19,60,-242,s12,-50,0,75,s13,0,0,0,s14,0,0,0,s15,0,0,0,s16,0,0,0,
38.79,-0.40,4,40.28,s1,-6337,-3681,21069,s2,6373,-5905,28597,s3,3188,-710,8760,s4,532,-764,392,s5,-884,-1396,2345,s6,1115,-1526,2002,s7,787,-534,888,s8,-54,-193,-168,s9,27,-117,542,s10,100,26,-226,s11,9,67,-221,s12,-53,2,84,s13,0,0,0,s14,0,0,0,s15,0,0,0,s16,0,0,0,
38.79,-0.40,4,40.28,s1,-6308,-3725,21084,s2,6500,-6081,28724,s3,3251,-782,8803,s4,547,-791,266,s5,-874,-1389,2302,s6,1131,-1534,1985,s7,791,-534,873,s8,-82,-190,-208,s9,28,-112,529,s10,106,29,-260,s11,22,59,-259,s12,-54,-13,74,s13,0,0,0,s14,0,0,0,s15,0,0,0,s16,0,0,0,
38.79,-0.41,4,40.28,s1,-6363,-3766,21158,s2,6524,-6141,28934,s3,3277,-777,8876,s4,552,-794,266,s5,-897,-1392,2315,s6,1137,-1559,1998,s7,799,-540,904,s8,-82,-189,-213,s9,35,-115,534,s10,106,30,-268,s11,18,58,-265,s12,-54,-8,77,s13,0,0,0,s14,0,0,0,s15,0,0,0,s16,0,0,0,
38.79,-0.41,4,40.28,s1,-6450,-3747,21210,s2,6465,-6087,29064,s3,3287,-750,8906,s4,551,-782,330,s5,-918,-1412,2318,s6,1137,-1570,2046,s7,801,-540,943,s8,-75,-188,-189,s9,23,-116,533,s10,99,27,-262,s11,18,68,-253,s12,-50,-5,77,s13,0,0,0,s14,0,0,0,s15,0,0,0,s16,0,0,0,
38.79,-0.42,4,40.28,s1,-6489,-3713,21199,s2,6503,-6090,29163,s3,3306,-750,8911,s4,547,-783,304,s5,-927,-1406,2321,s6,1139,-1571,2042,s7,812,-545,948,s8,-79,-189,-202,s9,25,-113,542,s10,101,32,-265,s11,19,66,-266,s12,-55,-2,80,s13,0,0,0,s14,0,0,0,s15,0,0,0,s16,0,0,0,
38.79,-0.43,4,40.28,s1,-6516,-3736,21290,s2,6580,-6131,29335,s3,3352,-762,8981,s4,566,-795,263,s5,-929,-1412,2342,s6,1147,-1585,2055,s7,826,-558,957,s8,-81,-186,-213,s9,30,-111,545,s10,106,29,-269,s11,18,68,-267,s12,-55,-5,71,s13,0,0,0,s14,0,0,0,s15,0,0,0,s16,0,0,0,
38.79,-0.44,4,40.28,s1,-6548,-3724,21280,s2,6574,-6137,29424,s3,3355,-759,8973,s4,564,-789,264,s5,-943,-1417,2323,s6,1146,-1591,2058,s7,820,-555,971,s8,-80,-184,-212,s9,32,-113,546,s10,100,28,-270,s11,19,69,-273,s12,-53,-9,75,s13,0,0,0,s14,0,0,0,s15,0,0,0,s16,0,0,0,
38.79,-0.44,4,40.28,s1,-6607,-3724,21326,s2,6543,-6131,29499,s3,3366,-750,9013,s4,558,-781,273,s5,-954,-1422,2350,s6,1151,-1607,2076,s7,830,-559,990,s8,-86,-190,-208,s9,31,-111,550,s10,108,30,-273,s11,22,64,-273,s12,-56,-1,80,s13,0,0,0,s14,0,0,0,s15,0,0,0,s16,0,0,0,
38.79,-0.44,4,40.28,s1,-6678,-3736,21405,s2,6565,-6142,29689,s3,3386,-748,9057,s4,565,-790,303,s5,-963,-1440,2364,s6,1160,-1621,2106,s7,837,-570,1010,s8,-79,-189,-209,s9,25,-113,543,s10,105,28,-270,s11,21,65,-272,s12,-58,2,81,s13,0,0,0,s14,0,0,0,s15,0,0,0,s16,0,0,0,
38.79,-0.45,4,40.28,s1,-6718,-3717,21407,s2,6557,-6134,29730,s3,3393,-728,9063,s4,564,-779,317,s5,-982,-1447,2382,s6,1160,-1640,2120,s7,835,-575,1022,s8,-80,-189,-206,s9,29,-117,545,s10,103,29,-272,s11,18,70,-269,s12,-55,8,80,s13,0,0,0,s14,0,0,0,s15,0,0,0,s16,0,0,0,
38.79,-0.46,4,40.28,s1,-6733,-3711,21429,s2,6575,-6112,29828,s3,3413,-716,9085,s4,567,-774,302,s5,-985,-1444,2402,s6,1168,-1640,2133,s7,849,-570,1037,s8,-76,-187,-206,s9,27,-109,554,s10,101,37,-266,s11,22,68,-271,s12,-54,2,79,s13,0,0,0,s14,0,0,0,s15,0,0,0,s16,0,0,0,
38.79,-0.46,4,40.28,s1,-6768,-3702,21403,s2,6548,-6069,29797,s3,3404,-705,9079,s4,558,-772,319,s5,-990,-1445,2383,s6,1163,-1641,2136,s7,842,-568,1034,s8,-75,-184,-204,s9,22,-106,539,s10,105,37,-265,s11,17,74,-264,s12,-55,4,85,s13,0,0,0,s14,0,0,0,s15,0,0,0,s16,0,0,0,
38.67,-0.47,4,40.28,s1,-6679,-3872,20023,s2,6054,-5963,28399,s3,3255,-616,8750,s4,355,-670,437,s5,-984,-1335,2266,s6,1030,-1560,2098,s7,869,-476,1021,s8,-91,-204,-182,s9,19,-108,317,s10,103,38,-268,s11,9,66,-248,s12,-57,12,103,s13,0,0,0,s14,0,0,0,s15,0,0,0,s16,0,0,0,
38.44,-0.46,4,40.28,s1,-7457,-4278,22494,s2,6253,-6697,31062,s3,3397,-727,9492,s4,514,-778,801,s5,-1154,-1721,2633,s6,1184,-1912,2430,s7,936,-735,1176,s8,-71,-241,-96,s9,14,-102,343,s10,91,25,-343,s11,9,65,-259,s12,-64,9,109,s13,0,0,0,s14,0,0,0,s15,0,0,0,s16,0,0,0,
38.32,-0.45,4,40.28,s1,-7016,-3763,22413,s2,7347,-6888,32115,s3,4078,-1025,10572,s4,827,-973,199,s5,-1142,-1698,2863,s6,1282,-2052,2647,s7,1229,-930,1729,s8,-86,-234,-327,s9,22,-139,670,s10,113,4,-250,s11,49,68,-363,s12,-56,-13,61,s13,0,0,0,s14,0,0,0,s15,0,0,0,s16,0,0,0,
38.32,-0.46,4,40.28,s1,-7268,-3718,22130,s2,6893,-6605,32055,s3,3911,-793,10516,s4,771,-878,531,s5,-1192,-1697,2842,s6,1261,-2037,2730,s7,1200,-917,1755,s8,-45,-252,-221,s9,4,-129,631,s10,109,6,-237,s11,40,70,-303,s12,-49,16,80,s13,0,0,0,s14,0,0,0,s15,0,0,0,s16,0,0,0,
38.21,-0.46,4,40.28,s1,-7308,-3782,22248,s2,6935,-6805,32105,s3,3945,-911,10517,s4,775,-900,469,s5,-1208,-1716,2832,s6,1262,-2072,2693,s7,1201,-932,1743,s8,-61,-254,-242,s9,15,-133,615,s10,103,2,-260,s11,42,72,-331,s12,-60,1,77,s13,0,0,0,s14,0,0,0,s15,0,0,0,s16,0,0,0,
38.09,-0.46,4,40.28,s1,-7436,-3897,22906,s2,7240,-7154,32395,s3,4128,-1035,10841,s4,835,-956,333,s5,-1259,-1815,2956,s6,1315,-2195,2866,s7,1308,-1018,1911,s8,-70,-261,-291,s9,10,-142,653,s10,101,-6,-279,s11,50,66,-361,s12,-61,-9,68,s13,0,0,0,s14,0,0,0,s15,0,0,0,s16,0,0,0,
38.09,-0.46,4,40.28,s1,-7713,-3906,23030,s2,7023,-6972,32459,s3,4061,-903,10883,s4,790,-910,548,s5,-1329,-1872,3043,s6,1312,-2234,2970,s7,1304,-1027,1961,s8,-39,-271,-225,s9,-5,-139,637,s10,102,-5,-254,s11,41,69,-323,s12,-56,4,88,s13,0,0,0,s14,0,0,0,s15,0,0,0,s16,0,0,0,
38.09,-0.47,4,40.28,s1,-7651,-3912,23078,s2,7165,-7083,32503,s3,4130,-978,10928,s4,824,-936,448,s5,-1321,-1868,3045,s6,1328,-2252,2956,s7,1332,-1042,1961,s8,-59,-268,-261,s9,7,-143,636,s10,103,-5,-271,s11,48,66,-355,s12,-63,-5,74,s13,0,0,0,s14,0,0,0,s15,0,0,0,s16,0,0,0,
37.97,-0.47,4,40.28,s1,-7769,-3942,23383,s2,7273,-7154,32562,s3,4202,-966,11058,s4,841,-934,453,s5,-1360,-1927,3143,s6,1349,-2313,3059,s7,1363,-1079,2055,s8,-50,-275,-266,s9,-3,-145,665,s10,102,-7,-266,s11,48,69,-353,s12,-62,0,82,s13,0,0,0,s14,0,0,0,s15,0,0,0,s16,0,0,0,
37.97,-0.47,4,40.28,s1,-7882,-3939,23408,s2,7205,-7083,32575,s3,4182,-931,11064,s4,831,-922,515,s5,-1389,-1936,3161,s6,1346,-2324,3082,s7,1363,-1077,2068,s8,-39,-282,-253,s9,-5,-143,655,s10,101,499,-256,s11,52,66,-338,s12,-59,-1,83,s13,0,0,0,s14,0,0,0,s15,0,0,0,s16,0,0,0,
37.86,-0.48,4,40.28,s1,-7865,-3952,23562,s2,7385,-7226,32567,s3,4278,-1000,11158,s4,864,-950,413,s5,-1391,-1960,3197,s6,1370,-2362,3113,s7,1403,-1101,2108,s8,-58,-276,-280,s9,0,-148,678,s10,105,497,-266,s11,57,66,-365,s12,-63,0,80,s13,0,0,0,s14,0,0,0,s15,0,0,0,s16,0,0,0,
37.86,-0.48,4,40.28,s1,-8065,-3989,23897,s2,7365,-7219,32587,s3,4300,-962,11282,s4,868,-939,496,s5,-1446,-2025,3313,s6,1383,-2427,3234,s7,1436,-1137,2197,s8,-37,-286,-257,s9,-10,-152,695,s10,102,491,-250,s11,50,63,-349,s12,-56,2,83,s13,0,0,0,s14,0,0,0,s15,0,0,0,s16,0,0,0,
37.86,-0.48,4,40.28,s1,-8053,-3979,23906,s2,7430,-7238,32624,s3,4323,-984,11286,s4,873,-951,462,s5,-1451,-2022,3305,s6,1387,-2436,3225,s7,1441,-1139,2203,s8,-43,-281,-273,s9,-7,-152,691,s10,102,494,-249,s11,59,60,-358,s12,-62,1,76,s13,0,0,0,s14,0,0,0,s15,0,0,0,s16,0,0,0,
37.86,-0.49,4,40.28,s1,-8099,-3990,24020,s2,7494,-7284,32598,s3,4371,-995,11349,s4,889,-957,431,s5,-1467,-2045,3345,s6,1396,-2464,3265,s7,1460,-1153,2241,s8,-45,-287,-277,s9,-11,-155,700,s10,109,488,-250,s11,54,60,-370,s12,-60,-1,80,s13,0,0,0,s14,0,0,0,s15,0,0,0,s16,0,0,0,
37.86,-0.50,4,40.28,s1,-8188,-3992,24110,s2,7456,-7251,32602,s3,4371,-972,11384,s4,881,-946,479,s5,-1496,-2063,3365,s6,1404,-2481,3301,s7,1468,-1161,2265,s8,-38,-286,-270,s9,-13,-153,700,s10,102,492,-253,s11,52,62,-357,s12,-64,0,85,s13,0,0,0,s14,0,0,0,s15,0,0,0,s16,0,0,0,
37.86,-0.51,4,40.28,s1,-8157,-3979,24118,s2,7546,-7291,32585,s3,4409,-995,11404,s4,899,-958,423,s5,-1488,-2059,3364,s6,1405,-2494,3295,s7,1482,-1168,2260,s8,-52,-291,-289,s9,-9,-155,703,s10,108,486,-261,s11,57,63,-376,s12,-62,-2,79,s13,0,0,0,s14,0,0,0,s15,0,0,0,s16,0,0,0,
37.86,-0.51,4,40.28,s1,-8247,-3989,24217,s2,7520,-7282,32587,s3,4414,-977,11448,s4,888,-948,459,s5,-1512,-2087,3405,s6,1409,-2511,3334,s7,1492,-1181,2304,s8,-39,-288,-273,s9,-13,-153,710,s10,104,490,-248,s11,60,60,-363,s12,-58,2,77,s13,0,0,0,s14,0,0,0,s15,0,0,0,s16,0,0,0,
37.86,-0.52,4,40.28,s1,-8259,-3979,24226,s2,7545,-7288,32592,s3,4431,-989,11448,s4,893,-945,440,s5,-1514,-2082,3393,s6,1409,-2515,3328,s7,1497,-1184,2306,s8,-44,-288,-288,s9,-17,-154,704,s10,105,488,-251,s11,53,61,-369,s12,-62,0,75,s13,0,0,0,s14,0,0,0,s15,0,0,0,s16,0,0,0,
37.86,-0.52,4,40.28,s1,-8282,-3985,24264,s2,7576,-7304,32599,s3,4450,-990,11473,s4,904,-954,428,s5,-1523,-2093,3416,s6,1417,-2538,3349,s7,1508,-1191,2316,s8,-49,-285,-293,s9,-12,-159,714,s10,104,488,-255,s11,56,61,-373,s12,-61,-1,81,s13,0,0,0,s14,0,0,0,s15,0,0,0,s16,0,0,0,
37.86,-0.53,4,40.28,s1,-8339,-3989,24310,s2,7552,-7288,32596,s3,4451,-976,11498,s4,901,-950,453,s5,-1538,-2105,3430,s6,1417,-2542,3367,s7,1514,-1195,2336,s8,-36,-285,-281,s9,-13,-156,711,s10,104,486,-247,s11,58,65,-367,s12,-60,0,84,s13,0,0,0,s14,0,0,0,s15,0,0,0,s16,0,0,0,
37.86,-0.54,4,40.28,s1,-8322,-3980,24309,s2,7602,-7313,32606,s3,4476,-992,11504,s4,909,-954,420,s5,-1540,-2093,3420,s6,1422,-2543,3361,s7,1519,-1199,2331,s8,-48,-290,-299,s9,-11,-158,712,s10,100,487,-259,s11,62,63,-383,s12,-65,-4,76,s13,0,0,0,s14,0,0,0,s15,0,0,0,s16,0,0,0,
37.86,-0.55,4,40.28,s1,-8386,-3984,24373,s2,7587,-7308,32600,s3,4483,-982,11539,s4,913,-951,442,s5,-1555,-2117,3447,s6,1426,-2563,3391,s7,1524,-1203,2362,s8,-45,-290,-287,s9,-15,-158,716,s10,107,488,-248,s11,57,63,-372,s12,-59,-4,81,s13,0,0,0,s14,0,0,0,s15,0,0,0,s16,0,0,0,
37.86,-0.56,4,40.28,s1,-8394,-3980,24364,s2,7605,-7305,32596,s3,4489,-987,11536,s4,915,-953,428,s5,-1557,-2115,3436,s6,1426,-2569,3388,s7,1529,-1208,2352,s8,-47,-291,-292,s9,-13,-156,717,s10,104,486,-258,s11,55,63,-377,s12,-57,0,78,s13,0,0,0,s14,0,0,0,s15,0,0,0,s16,0,0,0,
37.86,-0.56,4,40.28,s1,-8416,-3979,24407,s2,7628,-7321,32619,s3,4510,-993,11559,s4,917,-952,422,s5,-1564,-2122,3453,s6,1430,-2579,3401,s7,1538,-1214,2368,s8,-48,-283,-297,s9,-19,-162,720,s10,111,490,-251,s11,61,65,-384,s12,-64,-1,76,s13,0,0,0,s14,0,0,0,s15,0,0,0,s16,0,0,0,
37.86,-0.57,4,40.28,s1,-8458,-3977,24429,s2,7615,-7308,32600,s3,4510,-981,11574,s4,912,-945,435,s5,-1576,-2125,3460,s6,1426,-2585,3409,s7,1536,-1210,2380,s8,-45,-288,-293,s9,-16,-159,713,s10,109,483,-249,s11,58,65,-381,s12,-59,1,78,s13,0,0,0,s14,0,0,0,s15,0,0,0,s16,0,0,0,
37.86,-0.58,4,40.28,s1,-8452,-3971,24439,s2,7641,-7320,32592,s3,4527,-989,11584,s4,916,-951,411,s5,-1573,-2124,3465,s6,1434,-2588,3407,s7,1547,-1216,2376,s8,-46,-285,-298,s9,-10,-159,715,s10,102,487,-258,s11,58,63,-386,s12,-65,2,73,s13,0,0,0,s14,0,0,0,s15,0,0,0,s16,0,0,0,
37.86,-0.58,4,40.28,s1,-8492,-3979,24490,s2,7637,-7318,32619,s3,4533,-978,11611,s4,922,-944,436,s5,-1589,-2139,3484,s6,1434,-2599,3433,s7,1548,-1219,2396,s8,-43,-291,-291,s9,-22,-158,719,s10,105,484,-256,s11,54,65,-385,s12,-63,-2,76,s13,0,0,0,s14,0,0,0,s15,0,0,0,s16,0,0,0,
37.86,-0.59,4,40.28,s1,-8502,-3970,24483,s2,7655,-7325,32625,s3,4547,-987,11609,s4,921,-945,424,s5,-1590,-2138,3477,s6,1438,-2601,3428,s7,1550,-1226,2394,s8,-47,-288,-301,s9,-15,-154,718,s10,107,486,-253,s11,58,64,-389,s12,-66,-4,75,s13,0,0,0,s14,0,0,0,s15,0,0,0,s16,0,0,0,
37.86,-0.59,4,40.28,s1,-8527,-3974,24524,s2,7669,-7333,32647,s3,4558,-991,11636,s4,925,-947,420,s5,-1598,-2146,3489,s6,1437,-2608,3442,s7,1560,-1231,2413,s8,-46,-283,-298,s9,-16,-163,721,s10,106,486,-256,s11,58,69,-389,s12,-61,-6,76,s13,0,0,0,s14,0,0,0,s15,0,0,0,s16,0,0,0,
37.62,-0.59,4,40.28,s1,-8570,-3987,24616,s2,7681,-7350,32623,s3,4577,-988,11673,s4,930,-950,428,s5,-1611,-2162,3523,s6,1442,-2640,3468,s7,1575,-1233,2439,s8,-45,-291,-297,s9,-17,-158,723,s10,104,482,-252,s11,62,63,-383,s12,-61,-6,79,s13,0,0,0,s14,0,0,0,s15,0,0,0,s16,0,0,0,
37.62,-0.59,4,40.28,s1,-8779,-4075,25278,s2,7899,-7517,32641,s3,4689,-1039,11905,s4,973,-973,430,s5,-1682,-2286,3727,s6,1492,-2749,3666,s7,1648,-1307,2610,s8,-34,-307,-303,s9,-29,-169,772,s10,108,473,-235,s11,65,56,-391,s12,-58,-7,77,s13,0,0,0,s14,0,0,0,s15,0,0,0,s16,0,0,0,
37.51,-0.60,4,40.28,s1,-8895,-4108,25518,s2,7958,-7568,32661,s3,4740,-1041,11988,s4,980,-978,439,s5,-1721,-2329,3811,s6,1512,-2803,3751,s7,1687,-1337,2682,s8,-29,-309,-303,s9,-33,-175,784,s10,108,466,-225,s11,69,59,-387,s12,-60,-1,82,s13,0,0,0,s14,0,0,0,s15,0,0,0,s16,0,0,0,
37.51,-0.60,4,40.28,s1,-8946,-4114,25649,s2,8015,-7596,32658,s3,4773,-1046,12037,s4,991,-979,437,s5,-1741,-2350,3849,s6,1524,-2830,3788,s7,1707,-1355,2700,s8,-26,-307,-307,s9,-33,-175,784,s10,108,462,-226,s11,68,58,-389,s12,-58,-6,74,s13,0,0,0,s14,0,0,0,s15,0,0,0,s16,0,0,0,
37.51,-0.60,4,40.28,s1,-8991,-4124,25771,s2,8055,-7615,32657,s3,4806,-1048,12086,s4,999,-982,438,s5,-1760,-2372,3883,s6,1536,-2853,3833,s7,1724,-1366,2745,s8,-23,-314,-305,s9,-32,-176,792,s10,107,462,-220,s11,70,57,-395,s12,-53,0,78,s13,0,0,0,s14,0,0,0,s15,0,0,0,s16,0,0,0,
37.51,-0.61,4,40.28,s1,-9042,-4124,25836,s2,8077,-7625,32646,s3,4817,-1046,12123,s4,1003,-982,444,s5,-1776,-2388,3905,s6,1540,-2875,3860,s7,1736,-1379,2766,s8,-25,-315,-304,s9,-33,-171,797,s10,102,456,-212,s11,69,54,-400,s12,-62,3,79,s13,0,0,0,s14,0,0,0,s15,0,0,0,s16,0,0,0,
37.51,-0.61,4,40.28,s1,-9076,-4127,25895,s2,8107,-7644,32633,s3,4845,-1054,12147,s4,1010,-989,435,s5,-1788,-2398,3923,s6,1549,-2895,3874,s7,1749,-1386,2785,s8,-24,-314,-311,s9,-34,-180,800,s10,106,453,-218,s11,72,53,-399,s12,-63,-1,74,s13,0,0,0,s14,0,0,0,s15,0,0,0,s16,0,0,0,
37.51,-0.62,4,40.28,s1,-9112,-4132,25968,s2,8121,-7645,32608,s3,4855,-1048,12178,s4,1014,-977,447,s5,-1798,-2410,3942,s6,1548,-2909,3900,s7,1751,-1394,2801,s8,-25,-316,-314,s9,-35,-183,799,s10,106,455,-212,s11,69,52,-393,s12,-62,-2,76,s13,0,0,0,s14,0,0,0,s15,0,0,0,s16,0,0,0,
37.51,-0.62,4,40.28,s1,-9138,-4131,25998,s2,8143,-7653,32647,s3,4875,-1051,12201,s4,1018,-985,442,s5,-1810,-2417,3951,s6,1556,-2923,3916,s7,1768,-1397,2812,s8,-22,-317,-311,s9,-33,-180,801,s10,105,452,-212,s11,72,55,-400,s12,-59,-2,77,s13,0,0,0,s14,0,0,0,s15,0,0,0,s16,0,0,0,
37.51,-0.63,4,40.28,s1,-9168,-4137,26037,s2,8159,-7663,32619,s3,4888,-1050,12227,s4,1022,-985,438,s5,-1819,-2426,3968,s6,1558,-2933,3927,s7,1776,-1407,2826,s8,-25,-317,-310,s9,-37,-186,808,s10,108,453,-209,s11,71,56,-402,s12,-62,-2,76,s13,0,0,0,s14,0,0,0,s15,0,0,0,s16,0,0,0,
37.51,-0.64,4,40.28,s1,-9199,-4136,26088,s2,8166,-7667,32624,s3,4892,-1054,12241,s4,1025,-985,440,s5,-1830,-2435,3977,s6,1561,-2945,3945,s7,1776,-1412,2849,s8,-23,-315,-314,s9,-34,-183,802,s10,107,452,-212,s11,67,58,-404,s12,-64,0,74,s13,0,0,0,s14,0,0,0,s15,0,0,0,s16,0,0,0,
37.51,-0.64,4,40.28,s1,-9221,-4140,26134,s2,8189,-7674,32636,s3,4909,-1056,12264,s4,1030,-981,435,s5,-1835,-2439,3989,s6,1561,-2951,3957,s7,1785,-1419,2856,s8,-25,-320,-317,s9,-39,-181,814,s10,103,451,-211,s11,71,57,-407,s12,-59,2,78,s13,0,0,0,s14,0,0,0,s15,0,0,0,s16,0,0,0,
37.51,-0.65,4,40.28,s1,-9253,-4145,26176,s2,8195,-7680,32627,s3,4917,-1051,12274,s4,1035,-982,445,s5,-1842,-2452,4005,s6,1569,-2969,3973,s7,1796,-1421,2872,s8,-25,-321,-316,s9,-34,-186,813,s10,107,446,-210,s11,72,58,-406,s12,-63,-7,74,s13,0,0,0,s14,0,0,0,s15,0,0,0,s16,0,0,0,
37.51,-0.66,4,40.28,s1,-9292,-4146,26239,s2,8221,-7698,32624,s3,4940,-1059,12305,s4,1038,-983,442,s5,-1857,-2464,4031,s6,1577,-2974,3995,s7,1809,-1428,2890,s8,-23,-318,-321,s9,-32,-186,818,s10,106,448,-207,s11,72,55,-407,s12,-55,2,74,s13,0,0,0,s14,0,0,0,s15,0,0,0,s16,0,0,0,
37.51,-0.66,4,40.28,s1,-9325,-4156,26327,s2,8254,-7715,32628,s3,4965,-1061,12362,s4,1047,-984,443,s5,-1870,-2481,4057,s6,1580,-3003,4027,s7,1818,-1443,2916,s8,-20,-325,-325,s9,-33,-189,820,s10,105,443,-203,s11,79,52,-405,s12,-61,-2,79,s13,0,0,0,s14,0,0,0,s15,0,0,0,s16,0,0,0,
37.39,-0.67,4,40.28,s1,-9370,-4159,26391,s2,8270,-7726,32645,s3,4977,-1062,12381,s4,1051,-985,447,s5,-1883,-2499,4073,s6,1588,-3017,4046,s7,1828,-1447,2940,s8,-20,-324,-321,s9,-41,-187,830,s10,111,447,-203,s11,73,58,-408,s12,-60,0,80,s13,0,0,0,s14,0,0,0,s15,0,0,0,s16,0,0,0,
37.39,-0.67,4,40.28,s1,-9404,-4169,26469,s2,8298,-7739,32661,s3,4990,-1065,12408,s4,1056,-993,447,s5,-1898,-2509,4099,s6,1593,-3034,4073,s7,1842,-1462,2958,s8,-22,-322,-324,s9,-35,-190,827,s10,111,444,-203,s11,76,56,-410,s12,-60,-5,78,s13,0,0,0,s14,0,0,0,s15,0,0,0,s16,0,0,0,
37.27,-0.67,4,40.28,s1,-9521,-4209,26755,s2,8378,-7826,32683,s3,5051,-1085,12517,s4,1084,-999,459,s5,-1933,-2562,4198,s6,1617,-3090,4166,s7,1888,-1490,3042,s8,-9,-332,-324,s9,-45,-196,851,s10,106,438,-188,s11,78,51,-408,s12,-66,0,75,s13,0,0,0,s14,0,0,0,s15,0,0,0,s16,0,0,0,
37.27,-0.67,4,40.28,s1,-9574,-4227,26932,s2,8444,-7856,32670,s3,5082,-1095,12565,s4,1091,-1002,465,s5,-1951,-2598,4244,s6,1636,-3123,4221,s7,1904,-1511,3087,s8,-3,-335,-326,s9,-45,-191,855,s10,101,435,-183,s11,78,51,-412,s12,-63,0,77,s13,0,0,0,s14,0,0,0,s15,0,0,0,s16,0,0,0,
37.27,-0.68,4,40.28,s1,-9632,-4237,27038,s2,8469,-7873,32625,s3,5107,-1092,12616,s4,1097,-1001,468,s5,-1976,-2618,4289,s6,1639,-3151,4257,s7,1922,-1528,3113,s8,-9,-339,-325,s9,-45,-201,863,s10,106,427,-180,s11,81,50,-411,s12,-59,-2,76,s13,0,0,0,s14,0,0,0,s15,0,0,0,s16,0,0,0,
37.27,-0.68,4,40.28,s1,-9667,-4235,27115,s2,8496,-7881,32634,s3,5124,-1092,12642,s4,1104,-1003,472,s5,-1987,-2630,4311,s6,1644,-3167,4282,s7,1937,-1532,3134,s8,-4,-341,-325,s9,-51,-202,875,s10,106,429,-180,s11,82,49,-408,s12,-59,-2,80,s13,0,0,0,s14,0,0,0,s15,0,0,0,s16,0,0,0,
37.27,-0.69,4,40.28,s1,-9702,-4240,27180,s2,8522,-7889,32641,s3,5141,-1097,12660,s4,1105,-1005,470,s5,-2001,-2649,4329,s6,1655,-3184,4306,s7,1942,-1545,3156,s8,-3,-345,-330,s9,-51,-203,876,s10,107,429,-176,s11,81,52,-413,s12,-59,1,73,s13,0,0,0,s14,0,0,0,s15,0,0,0,s16,0,0,0,
37.27,-0.70,4,40.28,s1,-9738,-4248,27240,s2,8537,-7901,32668,s3,5158,-1092,12694,s4,1111,-1002,473,s5,-2010,-2658,4345,s6,1656,-3197,4322,s7,1951,-1554,3174,s8,-6,-339,-332,s9,-55,-206,873,s10,104,421,-171,s11,78,49,-412,s12,-56,-3,79,s13,0,0,0,s14,0,0,0,s15,0,0,0,s16,0,0,0,
37.27,-0.70,4,40.28,s1,-9762,-4247,27285,s2,8560,-7904,32634,s3,5174,-1094,12707,s4,1116,-1002,469,s5,-2021,-2667,4357,s6,1659,-3213,4333,s7,1961,-1551,3182,s8,-4,-343,-329,s9,-52,-202,875,s10,106,425,-177,s11,82,48,-418,s12,-58,-3,75,s13,0,0,0,s14,0,0,0,s15,0,0,0,s16,0,0,0,
37.27,-0.71,4,40.28,s1,-9779,-4246,27314,s2,8565,-7908,32670,s3,5181,-1095,12721,s4,1118,-1004,472,s5,-2028,-2672,4365,s6,1660,-3217,4356,s7,1967,-1562,3191,s8,-6,-341,-327,s9,-51,-201,875,s10,109,422,-172,s11,80,51,-416,s12,-55,-1,76,s13,0,0,0,s14,0,0,0,s15,0,0,0,s16,0,0,0,
37.27,-0.71,4,40.28,s1,-9799,-4250,27331,s2,8575,-7913,32683,s3,5186,-1098,12735,s4,1116,-1003,467,s5,-2036,-2675,4375,s6,1664,-3223,4361,s7,1967,-1561,3200,s8,-4,-345,-329,s9,-52,-204,880,s10,110,428,-172,s11,81,48,-418,s12,-60,-3,76,s13,0,0,0,s14,0,0,0,s15,0,0,0,s16,0,0,0,
37.27,-0.71,4,40.28,s1,-9816,-4253,27354,s2,8583,-7919,32665,s3,5193,-1098,12738,s4,1122,-1005,474,s5,-2038,-2682,4381,s6,1664,-3233,4367,s7,1975,-1562,3208,s8,-3,-341,-332,s9,-54,-208,884,s10,104,422,-165,s11,77,46,-423,s12,-59,-2,73,s13,0,0,0,s14,0,0,0,s15,0,0,0,s16,0,0,0,
37.27,-0.71,4,40.28,s1,-9825,-4247,27367,s2,8587,-7911,32686,s3,5195,-1093,12749,s4,1126,-1008,474,s5,-2041,-2685,4388,s6,1666,-3235,4370,s7,1971,-1569,3209,s8,-1,-340,-337,s9,-54,-205,880,s10,106,424,-172,s11,87,47,-420,s12,-61,-3,73,s13,0,0,0,s14,0,0,0,s15,0,0,0,s16,0,0,0,
37.27,-0.71,4,40.28,s1,-9842,-4249,27384,s2,8601,-7916,32668,s3,5204,-1096,12758,s4,1125,-1003,470,s5,-2045,-2684,4387,s6,1673,-3241,4382,s7,1984,-1570,3221,s8,-5,-341,-337,s9,-60,-208,881,s10,106,423,-168,s11,83,49,-424,s12,-61,0,77,s13,0,0,0,s14,0,0,0,s15,0,0,0,s16,0,0,0,
37.27,-0.71,4,40.28,s1,-9854,-4244,27410,s2,8603,-7924,32651,s3,5210,-1096,12773,s4,1131,-1003,477,s5,-2051,-2695,4403,s6,1674,-3245,4390,s7,1984,-1572,3227,s8,-3,-344,-338,s9,-56,-208,881,s10,104,420,-165,s11,79,47,-420,s12,-57,-8,75,s13,0,0,0,s14,0,0,0,s15,0,0,0,s16,0,0,0,
37.27,-0.71,4,40.28,s1,-9864,-4245,27413,s2,8606,-7922,32658,s3,5216,-1092,12775,s4,1135,-1002,476,s5,-2053,-2697,4402,s6,1669,-3249,4394,s7,1984,-1576,3226,s8,-4,-341,-341,s9,-54,-211,883,s10,107,422,-170,s11,88,48,-422,s12,-62,-3,72,s13,0,0,0,s14,0,0,0,s15,0,0,0,s16,0,0,0,
37.27,-0.71,4,40.28,s1,-9879,-4247,27427,s2,8621,-7925,32659,s3,5229,-1102,12792,s4,1130,-1001,478,s5,-2058,-2694,4407,s6,1672,-3255,4400,s7,1997,-1581,3237,s8,-4,-344,-341,s9,-52,-209,880,s10,106,423,-172,s11,86,48,-428,s12,-61,-2,76,s13,0,0,0,s14,0,0,0,s15,0,0,0,s16,0,0,0,
37.27,-0.71,4,40.28,s1,-9893,-4245,27451,s2,8620,-7925,32652,s3,5228,-1098,12800,s4,1134,-1005,477,s5,-1552,-2703,4413,s6,1671,-3259,4405,s7,1996,-1581,3246,s8,-4,-347,-335,s9,-58,-205,886,s10,109,421,-168,s11,84,49,-423,s12,-60,0,79,s13,0,0,0,s14,0,0,0,s15,0,0,0,s16,0,0,0,
37.27,-0.71,4,40.28,s1,-9909,-4246,27468,s2,8627,-7928,32659,s3,5235,-1094,12809,s4,1134,-999,477,s5,-1555,-2704,4414,s6,1679,-3267,4415,s7,1998,-1582,3253,s8,-4,-343,-338,s9,-59,-208,884,s10,112,420,-168,s11,85,47,-424,s12,-63,-6,67,s13,0,0,0,s14,0,0,0,s15,0,0,0,s16,0,0,0,
37.27,-0.71,4,40.28,s1,-9923,-4246,27488,s2,8640,-7933,32664,s3,5244,-1095,12817,s4,1134,-999,473,s5,-1558,-2706,4421,s6,1678,-3268,4413,s7,2003,-1585,3254,s8,-4,-341,-345,s9,-55,-206,887,s10,108,418,-168,s11,84,43,-422,s12,-51,-3,77,s13,0,0,0,s14,0,0,0,s15,0,0,0,s16,0,0,0,
37.27,-0.71,4,40.28,s1,-9932,-4244,27494,s2,8643,-7929,32678,s3,5244,-1094,12829,s4,1138,-1004,474,s5,-1562,-2709,4422,s6,1674,-3273,4419,s7,2007,-1589,3256,s8,0,-348,-340,s9,-53,-210,889,s10,104,418,-168,s11,85,48,-420,s12,-60,-3,70,s13,0,0,0,s14,0,0,0,s15,0,0,0,s16,0,0,0,
37.27,-0.71,4,40.28,s1,-9940,-4245,27500,s2,8640,-7929,32647,s3,5252,-1099,12836,s4,1139,-1002,475,s5,-1560,-2718,4434,s6,1677,-3278,4419,s7,2005,-1593,3262,s8,-8,-344,-341,s9,-55,-206,888,s10,105,416,-169,s11,84,47,-430,s12,-59,-2,75,s13,0,0,0,s14,0,0,0,s15,0,0,0,s16,0,0,0,
37.27,-0.71,4,40.28,s1,-9949,-4241,27513,s2,8648,-7931,32628,s3,5253,-1094,12843,s4,1136,-999,477,s5,-1567,-2716,4434,s6,1679,-3285,4428,s7,2013,-1588,3270,s8,-5,-344,-347,s9,-55,-204,888,s10,105,421,-169,s11,89,43,-425,s12,-57,-4,73,s13,0,0,0,s14,0,0,0,s15,0,0,0,s16,0,0,0,
37.27,-0.71,4,40.28,s1,-9964,-4242,27533,s2,8651,-7931,32666,s3,5259,-1098,12844,s4,1139,-1002,476,s5,-1569,-2720,4436,s6,1681,-3285,4434,s7,2011,-1594,3263,s8,-6,-343,-342,s9,-54,-211,887,s10,110,417,-160,s11,83,49,-429,s12,-60,-1,72,s13,0,0,0,s14,0,0,0,s15,0,0,0,s16,0,0,0,
37.27,-0.71,4,40.28,s1,-9971,-4241,27541,s2,8661,-7934,32670,s3,5258,-1095,12850,s4,1141,-1001,472,s5,-1572,-2721,4441,s6,1678,-3291,4432,s7,2016,-1595,3270,s8,-3,-342,-344,s9,-60,-208,893,s10,112,417,-166,s11,85,43,-430,s12,-61,-4,75,s13,0,0,0,s14,0,0,0,s15,0,0,0,s16,0,0,0,
37.27,-0.71,4,40.28,s1,-9983,-4244,27552,s2,8661,-7929,32667,s3,5270,-1096,12860,s4,1141,-1001,477,s5,-1577,-2729,4436,s6,1680,-3289,4443,s7,2017,-1602,3280,s8,-6,-346,-344,s9,-65,-209,885,s10,106,418,-167,s11,87,46,-425,s12,-58,-6,70,s13,0,0,0,s14,0,0,0,s15,0,0,0,s16,0,0,0,
37.27,-0.71,4,40.28,s1,-9996,-4244,27569,s2,8663,-7933,32645,s3,5271,-1093,12865,s4,1144,-1000,480,s5,-1576,-2726,4444,s6,1682,-3293,4446,s7,2018,-1596,3277,s8,-2,-347,-346,s9,-60,-208,887,s10,107,417,-164,s11,87,44,-428,s12,-59,-4,72,s13,0,0,0,s14,0,0,0,s15,0,0,0,s16,0,0,0,
37.27,-0.71,4,40.28,s1,-10005,-4238,27574,s2,8664,-7937,32661,s3,5278,-1098,12865,s4,1146,-1001,476,s5,-1581,-2728,4446,s6,1685,-3296,4446,s7,2022,-1600,3285,s8,-7,-348,-348,s9,-55,-208,889,s10,113,416,-162,s11,85,45,-431,s12,-59,-3,72,s13,0,0,0,s14,0,0,0,s15,0,0,0,s16,0,0,0,
37.27,-0.71,4,40.28,s1,-10016,-4236,27588,s2,8678,-7935,32664,s3,5283,-1092,12872,s4,1149,-999,474,s5,-1581,-2732,4448,s6,1682,-3303,4451,s7,2021,-1602,3292,s8,-5,-350,-346,s9,-58,-207,896,s10,110,422,-165,s11,86,50,-431,s12,-62,0,71,s13,0,0,0,s14,0,0,0,s15,0,0,0,s16,0,0,0,
37.27,-0.71,4,40.28,s1,-10021,-4235,27592,s2,8677,-7929,32677,s3,5282,-1092,12876,s4,1149,-998,475,s5,-1585,-2733,4448,s6,1686,-3303,4455,s7,2027,-1604,3294,s8,-4,-342,-344,s9,-56,-210,889,s10,107,420,-161,s11,86,44,-430,s12,-62,1,66,s13,0,0,0,s14,0,0,0,s15,0,0,0,s16,0,0,0,
37.27,-0.71,4,40.28,s1,-10035,-4241,27601,s2,8677,-7935,32671,s3,5286,-1092,12882,s4,1149,-993,480,s5,-1590,-2730,4453,s6,1681,-3312,4460,s7,2032,-1605,3302,s8,-7,-346,-347,s9,-60,-206,896,s10,106,419,-166,s11,82,54,-426,s12,-59,-5,76,s13,0,0,0,s14,0,0,0,s15,0,0,0,s16,0,0,0,
37.27,-0.71,4,40.28,s1,-10044,-4232,27615,s2,8684,-7933,32660,s3,5294,-1094,12884,s4,1149,-999,478,s5,-1590,-2734,4457,s6,1686,-3311,4463,s7,2031,-1599,3295,s8,1,-347,-347,s9,-59,-209,892,s10,108,419,-165,s11,85,43,-428,s12,-61,-5,78,s13,0,0,0,s14,0,0,0,s15,0,0,0,s16,0,0,0,
37.27,-0.71,4,40.28,s1,-10052,-4241,27629,s2,8684,-7928,32668,s3,5295,-1094,12892,s4,1151,-995,479,s5,-1595,-2737,4462,s6,1686,-3314,4464,s7,2033,-1607,3298,s8,-7,-342,-347,s9,-60,-212,885,s10,103,417,-163,s11,90,46,-425,s12,-57,-1,68,s13,0,0,0,s14,0,0,0,s15,0,0,0,s16,0,0,0,
37.27,-0.71,4,40.28,s1,-10060,-4239,27639,s2,8693,-7937,32701,s3,5300,-1095,12897,s4,1151,-996,473,s5,-1599,-2744,4458,s6,1686,-3320,4469,s7,2035,-1610,3307,s8,-3,-344,-350,s9,-55,-209,894,s10,110,423,-162,s11,90,46,-430,s12,-61,1,70,s13,0,0,0,s14,0,0,0,s15,0,0,0,s16,0,0,0,
37.27,-0.71,4,40.28,s1,-10073,-4233,27646,s2,8693,-7936,32656,s3,5305,-1091,12900,s4,1152,-993,472,s5,-1604,-2740,4461,s6,1691,-3319,4477,s7,2036,-1605,3304,s8,0,-342,-350,s9,-59,-206,895,s10,106,415,-162,s11,81,47,-432,s12,-61,-2,74,s13,0,0,0,s14,0,0,0,s15,0,0,0,s16,0,0,0,
37.27,-0.71,4,40.28,s1,-10078,-4234,27652,s2,8694,-7941,32647,s3,5305,-1094,12910,s4,1151,-996,476,s5,-1601,-2741,4468,s6,1691,-3326,4475,s7,2037,-1610,3311,s8,-5,-344,-350,s9,-59,-211,897,s10,112,415,-162,s11,87,50,-436,s12,-66,-4,68,s13,0,0,0,s14,0,0,0,s15,0,0,0,s16,0,0,0,
37.27,-0.71,4,40.28,s1,-10089,-4234,27662,s2,8698,-7932,32656,s3,5309,-1091,12909,s4,1153,-999,483,s5,-1605,-2743,4460,s6,1687,-3327,4481,s7,2037,-1613,3319,s8,-4,-340,-354,s9,-57,-208,891,s10,110,416,-164,s11,83,46,-434,s12,-63,-1,70,s13,0,0,0,s14,0,0,0,s15,0,0,0,s16,0,0,0,
37.27,-0.71,4,40.28,s1,-10100,-4234,27661,s2,8703,-7933,32681,s3,5309,-1094,12911,s4,1154,-996,481,s5,-1608,-2746,4469,s6,1690,-3326,4483,s7,2042,-1610,3316,s8,0,-346,-350,s9,-58,-211,895,s10,108,417,-161,s11,85,47,-429,s12,-64,0,72,s13,0,0,0,s14,0,0,0,s15,0,0,0,s16,0,0,0,
37.27,-0.71,4,40.28,s1,-10097,-4230,27661,s2,8703,-7935,32719,s3,5317,-1093,12920,s4,1156,-996,477,s5,-1607,-2744,4467,s6,1692,-3333,4479,s7,2043,-1614,3319,s8,-4,-343,-356,s9,-60,-214,893,s10,107,419,-161,s11,86,43,-434,s12,-60,-1,68,s13,0,0,0,s14,0,0,0,s15,0,0,0,s16,0,0,0,
37.27,-0.71,4,40.28,s1,-10106,-4228,27671,s2,8709,-7931,32690,s3,5319,-1092,12927,s4,1156,-995,482,s5,-1612,-2744,4473,s6,1694,-3335,4491,s7,2046,-1618,3317,s8,-1,-344,-351,s9,-57,-212,896,s10,111,413,-160,s11,89,49,-438,s12,-61,-4,69,s13,0,0,0,s14,0,0,0,s15,0,0,0,s16,0,0,0,
37.27,-0.71,4,40.28,s1,-10122,-4228,27687,s2,8714,-7935,32699,s3,5324,-1091,12931,s4,1152,-995,479,s5,-1613,-2753,4479,s6,1695,-3332,4490,s7,2048,-1613,3327,s8,0,-342,-353,s9,-56,-212,892,s10,110,413,-159,s11,86,47,-430,s12,-58,-1,67,s13,0,0,0,s14,0,0,0,s15,0,0,0,s16,0,0,0,
37.27,-0.71,4,40.28,s1,-10128,-4233,27686,s2,8715,-7942,32701,s3,5327,-1093,12931,s4,1157,-996,478,s5,-1619,-2752,4479,s6,1694,-3336,4495,s7,2047,-1615,3333,s8,-2,-346,-348,s9,-62,-211,894,s10,106,417,-165,s11,92,48,-434,s12,-59,-4,74,s13,0,0,0,s14,0,0,0,s15,0,0,0,s16,0,0,0,
37.27,-0.71,4,40.28,s1,-10135,-4229,27693,s2,8720,-7938,32685,s3,5328,-1088,12934,s4,1161,-994,473,s5,-1622,-2751,4480,s6,1694,-3338,4495,s7,2048,-1622,3337,s8,-3,-345,-351,s9,-54,-214,893,s10,112,417,-160,s11,87,50,-436,s12,-58,-3,67,s13,0,0,0,s14,0,0,0,s15,0,0,0,s16,0,0,0,
37.27,-0.71,4,40.28,s1,-10144,-4225,27709,s2,8717,-7940,32682,s3,5330,-1091,12940,s4,1161,-994,476,s5,-1619,-2749,4480,s6,1699,-3342,4496,s7,2049,-1618,3331,s8,-3,-345,-359,s9,-58,-211,891,s10,111,413,-165,s11,87,46,-437,s12,-65,-2,74,s13,0,0,0,s14,0,0,0,s15,0,0,0,s16,0,0,0,
37.27,-0.71,4,40.28,s1,-10152,-4227,27722,s2,8722,-7936,32686,s3,5331,-1093,12942,s4,1161,-993,482,s5,-1620,-2754,4486,s6,1697,-3344,4498,s7,2055,-1620,3336,s8,-6,-340,-353,s9,-55,-211,899,s10,105,413,-161,s11,87,48,-437,s12,-64,-5,71,s13,0,0,0,s14,0,0,0,s15,0,0,0,s16,0,0,0,
37.27,-0.71,4,40.28,s1,-10158,-4234,27728,s2,8721,-7935,32683,s3,5335,-1090,12946,s4,1159,-988,479,s5,-1625,-2759,4489,s6,1693,-3347,4505,s7,2051,-1622,3339,s8,-6,-346,-353,s9,-60,-207,896,s10,108,414,-159,s11,83,47,-432,s12,-61,-3,74,s13,0,0,0,s14,0,0,0,s15,0,0,0,s16,0,0,0,
37.27,-0.71,4,40.28,s1,-10165,-4222,27724,s2,8728,-7934,32695,s3,5339,-1091,12956,s4,1166,-995,477,s5,-1631,-2757,4485,s6,1691,-3348,4504,s7,2057,-1622,3341,s8,0,-344,-354,s9,-63,-213,898,s10,107,417,-161,s11,87,49,-434,s12,-59,-3,66,s13,0,0,0,s14,0,0,0,s15,0,0,0,s16,0,0,0,
37.27,-0.71,4,40.28,s1,-10178,-4222,27726,s2,8730,-7939,32679,s3,5343,-1090,12958,s4,1164,-988,479,s5,-1633,-2757,4484,s6,1698,-3355,4509,s7,2053,-1626,3343,s8,-8,-345,-352,s9,-60,-211,895,s10,108,419,-165,s11,86,45,-433,s12,-63,0,71,s13,0,0,0,s14,0,0,0,s15,0,0,0,s16,0,0,0,
37.27,-0.71,4,40.28,s1,-10185,-4224,27738,s2,8728,-7934,32686,s3,5347,-1090,12957,s4,1164,-993,482,s5,-1627,-2759,4486,s6,1698,-3353,4510,s7,2060,-1626,3344,s8,-4,-349,-353,s9,-61,-211,896,s10,109,417,-159,s11,86,45,-433,s12,-61,4,70,s13,0,0,0,s14,0,0,0,s15,0,0,0,s16,0,0,0,
37.27,-0.71,4,40.28,s1,-10189,-4222,27738,s2,8735,-7940,32683,s3,5351,-1087,12963,s4,1167,-995,478,s5,-1633,-2758,4487,s6,1698,-3356,4512,s7,2059,-1629,3353,s8,-4,-347,-353,s9,-61,-214,897,s10,104,415,-163,s11,88,48,-433,s12,-65,-1,71,s13,0,0,0,s14,0,0,0,s15,0,0,0,s16,0,0,0,
37.27,-0.71,4,40.28,s1,-10192,-4222,27736,s2,8740,-7931,32671,s3,5353,-1092,12957,s4,1163,-988,476,s5,-1638,-2757,4489,s6,1702,-3356,4515,s7,2060,-1625,3346,s8,-5,-342,-354,s9,-65,-210,896,s10,110,412,-162,s11,87,49,-436,s12,-61,4,69,s13,0,0,0,s14,0,0,0,s15,0,0,0,s16,0,0,0,
37.27,-0.71,4,40.28,s1,-10204,-4217,27747,s2,8741,-7932,32638,s3,5353,-1089,12964,s4,1163,-989,472,s5,-1634,-2764,4492,s6,1698,-3357,4514,s7,2060,-1623,3350,s8,-5,-346,-350,s9,-60,-208,895,s10,105,413,-166,s11,88,40,-436,s12,-61,-2,71,s13,0,0,0,s14,0,0,0,s15,0,0,0,s16,0,0,0,
37.27,-0.71,4,40.28,s1,-10216,-4218,27762,s2,8741,-7934,32682,s3,5354,-1088,12973,s4,1164,-990,474,s5,-1637,-2763,4492,s6,1699,-3358,4519,s7,2069,-1626,3357,s8,-2,-339,-353,s9,-62,-215,893,s10,110,414,-161,s11,88,52,-440,s12,-62,-3,69,s13,0,0,0,s14,0,0,0,s15,0,0,0,s16,0,0,0,
37.27,-0.71,4,40.28,s1,-10221,-4219,27770,s2,8743,-7937,32658,s3,5362,-1090,12979,s4,1164,-988,476,s5,-1638,-2767,4499,s6,1699,-3363,4518,s7,2066,-1630,3351,s8,-4,-346,-354,s9,-60,-213,898,s10,110,413,-159,s11,91,49,-436,s12,-62,0,73,s13,0,0,0,s14,0,0,0,s15,0,0,0,s16,0,0,0,
37.27,-0.71,4,40.28,s1,-10224,-4220,27772,s2,8747,-7940,32669,s3,5361,-1088,12977,s4,1168,-991,475,s5,-1645,-2763,4497,s6,1698,-3366,4522,s7,2065,-1632,3353,s8,-3,-350,-360,s9,-58,-210,895,s10,107,415,-163,s11,91,44,-441,s12,-64,-2,68,s13,0,0,0,s14,0,0,0,s15,0,0,0,s16,0,0,0,
37.27,-0.71,4,40.28,s1,-10234,-4221,27787,s2,8747,-7937,32680,s3,5364,-1087,12987,s4,1167,-988,478,s5,-1643,-2765,4497,s6,1702,-3364,4526,s7,2066,-1627,3360,s8,-4,-343,-356,s9,-59,-213,898,s10,107,414,-164,s11,90,50,-438,s12,-59,0,69,s13,0,0,0,s14,0,0,0,s15,0,0,0,s16,0,0,0,
37.27,-0.71,4,40.28,s1,-10233,-4212,27761,s2,8756,-7934,32661,s3,5364,-1083,12984,s4,1170,-989,476,s5,-1644,-2764,4497,s6,1705,-3371,4526,s7,2064,-1631,3364,s8,-6,-343,-358,s9,-59,-207,896,s10,108,411,-161,s11,85,46,-441,s12,-62,3,71,s13,0,0,0,s14,0,0,0,s15,0,0,0,s16,0,0,0,
37.27,-0.71,4,40.28,s1,-10244,-4212,27775,s2,8756,-7936,32668,s3,5366,-1087,12989,s4,1168,-992,477,s5,-1648,-2770,4504,s6,1700,-3370,4529,s7,2069,-1634,3361,s8,-2,-341,-361,s9,-60,-213,898,s10,108,419,-163,s11,87,47,-442,s12,-63,-2,76,s13,0,0,0,s14,0,0,0,s15,0,0,0,s16,0,0,0,
37.27,-0.71,4,40.28,s1,-10247,-4208,27780,s2,8755,-7936,32671,s3,5372,-1088,12986,s4,1167,-990,478,s5,-1649,-2772,4506,s6,1701,-3367,4533,s7,2076,-1637,3363,s8,-4,-342,-364,s9,-59,-215,897,s10,114,416,-157,s11,94,42,-443,s12,-62,1,72,s13,0,0,0,s14,0,0,0,s15,0,0,0,s16,0,0,0,
37.27,-0.71,4,40.28,s1,-10257,-4210,27789,s2,8756,-7934,32673,s3,5377,-1082,12993,s4,1170,-985,478,s5,-1651,-2769,4505,s6,1706,-3374,4533,s7,2074,-1636,3365,s8,-5,-347,-358,s9,-62,-211,900,s10,115,416,-157,s11,87,51,-449,s12,-64,-3,68,s13,0,0,0,s14,0,0,0,s15,0,0,0,s16,0,0,0,
37.27,-0.71,4,40.28,s1,-10260,-4210,27782,s2,8757,-7932,32657,s3,5374,-1086,12993,s4,1171,-987,474,s5,-1650,-2774,4504,s6,1702,-3377,4535,s7,2078,-1636,3366,s8,-5,-342,-356,s9,-60,-216,899,s10,112,412,-160,s11,85,50,-442,s12,-63,0,69,s13,0,0,0,s14,0,0,0,s15,0,0,0,s16,0,0,0,
37.27,-0.71,4,40.28,s1,-10272,-4210,27796,s2,8762,-7936,32647,s3,5379,-1088,12997,s4,1170,-982,482,s5,-1653,-2775,4509,s6,1705,-3377,4538,s7,2074,-1640,3370,s8,-3,-346,-358,s9,-59,-213,899,s10,109,410,-154,s11,90,51,-440,s12,-66,0,67,s13,0,0,0,s14,0,0,0,s15,0,0,0,s16,0,0,0,
37.27,-0.71,4,40.28,s1,-10271,-4209,27791,s2,8767,-7933,32663,s3,5385,-1087,13003,s4,1174,-985,479,s5,-1656,-2774,4505,s6,1701,-3380,4539,s7,2074,-1630,3371,s8,-8,-343,-364,s9,-60,-214,889,s10,112,412,-160,s11,88,47,-445,s12,-62,-1,66,s13,0,0,0,s14,0,0,0,s15,0,0,0,s16,0,0,0,
37.27,-0.71,4,40.28,s1,-10279,-4211,27805,s2,8768,-7931,32657,s3,5381,-1091,12999,s4,1165,-988,483,s5,-1655,-2774,4509,s6,1706,-3379,4540,s7,2075,-1631,3374,s8,-3,-342,-363,s9,-63,-210,893,s10,108,417,-160,s11,86,45,-440,s12,-63,0,66,s13,0,0,0,s14,0,0,0,s15,0,0,0,s16,0,0,0,
37.27,-0.71,4,40.28,s1,-10285,-4205,27803,s2,8764,-7936,32679,s3,5386,-1083,13007,s4,1172,-985,478,s5,-1663,-2775,4513,s6,1703,-3382,4538,s7,2074,-1639,3374,s8,-8,-343,-358,s9,-60,-215,894,s10,112,417,-158,s11,88,46,-439,s12,-59,3,70,s13,0,0,0,s14,0,0,0,s15,0,0,0,s16,0,0,0,
37.27,-0.71,4,40.28,s1,-10293,-4203,27810,s2,8765,-7932,32682,s3,5388,-1080,13005,s4,1174,-986,481,s5,-1658,-2777,4513,s6,1703,-3382,4536,s7,2082,-1639,3375,s8,-7,-342,-362,s9,-61,-212,899,s10,110,414,-160,s11,90,48,-445,s12,-60,-2,71,s13,0,0,0,s14,0,0,0,s15,0,0,0,s16,0,0,0,
37.27,-0.71,4,40.28,s1,-10299,-4206,27812,s2,8774,-7932,32705,s3,5393,-1084,13010,s4,1178,-989,480,s5,-1663,-2774,4513,s6,1703,-3385,4547,s7,2084,-1635,3376,s8,-8,-341,-359,s9,-60,-210,894,s10,105,412,-161,s11,91,46,-441,s12,-60,-4,70,s13,0,0,0,s14,0,0,0,s15,0,0,0,s16,0,0,0,
37.27,-0.71,4,40.28,s1,-10307,-4204,27817,s2,8777,-7930,32667,s3,5391,-1083,13017,s4,1173,-983,479,s5,-1662,-2776,4515,s6,1704,-3386,4543,s7,2084,-1639,3381,s8,-7,-349,-362,s9,-63,-210,900,s10,107,409,-159,s11,92,47,-444,s12,-66,3,70,s13,0,0,0,s14,0,0,0,s15,0,0,0,s16,0,0,0,
37.27,-0.71,4,40.28,s1,-10310,-4208,27830,s2,8775,-7935,32675,s3,5391,-1086,13018,s4,1170,-985,479,s5,-1665,-2779,4516,s6,1705,-3387,4548,s7,2078,-1638,3380,s8,-9,-342,-355,s9,-64,-210,906,s10,105,413,-154,s11,86,47,-445,s12,-65,-2,69,s13,0,0,0,s14,0,0,0,s15,0,0,0,s16,0,0,0,
37.27,-0.71,4,40.28,s1,-10317,-4205,27822,s2,8776,-7934,32662,s3,5398,-1082,13025,s4,1175,-983,479,s5,-1664,-2783,4515,s6,1707,-3388,4549,s7,2084,-1638,3385,s8,-9,-342,-359,s9,-60,-209,896,s10,110,415,-159,s11,88,48,-441,s12,-65,0,71,s13,0,0,0,s14,0,0,0,s15,0,0,0,s16,0,0,0,
37.27,-0.71,4,40.28,s1,-10322,-4202,27827,s2,8781,-7937,32694,s3,5401,-1077,13026,s4,1177,-985,476,s5,-1669,-2777,4512,s6,1707,-3388,4551,s7,2088,-1642,3379,s8,-4,-343,-368,s9,-68,-211,898,s10,109,414,-157,s11,86,45,-441,s12,-65,-5,73,s13,0,0,0,s14,0,0,0,s15,0,0,0,s16,0,0,0,
37.27,-0.71,4,40.28,s1,-10327,-4205,27848,s2,8785,-7935,32677,s3,5398,-1082,13030,s4,1179,-986,476,s5,-1671,-2781,4522,s6,1707,-3394,4558,s7,2084,-1638,3381,s8,-6,-345,-364,s9,-61,-213,900,s10,109,412,-158,s11,87,49,-442,s12,-65,-2,66,s13,0,0,0,s14,0,0,0,s15,0,0,0,s16,0,0,0,
37.27,-0.71,4,40.28,s1,-10332,-4200,27836,s2,8788,-7929,32677,s3,5405,-1086,13031,s4,1175,-984,480,s5,-1663,-2783,4525,s6,1710,-3393,4553,s7,2085,-1644,3386,s8,-7,-346,-366,s9,-64,-215,896,s10,110,419,-163,s11,87,52,-442,s12,-60,-5,68,s13,0,0,0,s14,0,0,0,s15,0,0,0,s16,0,0,0,
37.27,-0.71,4,40.28,s1,-10342,-4207,27847,s2,8789,-7932,32665,s3,5402,-1086,13030,s4,1177,-980,476,s5,-1675,-2784,4520,s6,1709,-3394,4559,s7,2090,-1639,3386,s8,-5,-344,-363,s9,-64,-217,898,s10,108,411,-158,s11,89,50,-446,s12,-62,-4,66,s13,0,0,0,s14,0,0,0,s15,0,0,0,s16,0,0,0,
37.27,-0.71,4,40.28,s1,-10345,-4202,27847,s2,8787,-7933,32684,s3,5406,-1082,13028,s4,1181,-981,476,s5,-1669,-2782,4526,s6,1709,-3397,4558,s7,2085,-1648,3386,s8,-6,-341,-361,s9,-63,-215,899,s10,109,420,-160,s11,90,48,-449,s12,-63,-2,70,s13,0,0,0,s14,0,0,0,s15,0,0,0,s16,0,0,0,
37.27,-0.71,4,40.28,s1,-10347,-4201,27856,s2,8791,-7932,32657,s3,5409,-1079,13036,s4,1179,-985,472,s5,-1675,-2787,4523,s6,1706,-3400,4561,s7,2091,-1640,3386,s8,-9,-343,-366,s9,-64,-213,895,s10,107,412,-161,s11,87,46,-444,s12,-66,-2,72,s13,0,0,0,s14,0,0,0,s15,0,0,0,s16,0,0,0,
37.27,-0.71,4,40.28,s1,-10355,-4198,27856,s2,8793,-7928,32672,s3,5414,-1083,13045,s4,1177,-985,478,s5,-1674,-2784,4529,s6,1709,-3396,4559,s7,2092,-1644,3387,s8,-4,-340,-363,s9,-68,-208,895,s10,109,413,-161,s11,88,45,-446,s12,-62,0,68,s13,0,0,0,s14,0,0,0,s15,0,0,0,s16,0,0,0,
37.27,-0.71,4,40.28,s1,-10366,-4200,27859,s2,8790,-7928,32672,s3,5415,-1080,13040,s4,1182,-984,478,s5,-1677,-2782,4526,s6,1708,-3398,4561,s7,2091,-1643,3392,s8,-4,-339,-367,s9,-63,-214,899,s10,110,413,-160,s11,84,46,-446,s12,-63,3,66,s13,0,0,0,s14,0,0,0,s15,0,0,0,s16,0,0,0,
37.27,-0.71,4,40.28,s1,-10373,-4196,27861,s2,8801,-7931,32675,s3,5413,-1082,13039,s4,1181,-984,478,s5,-1676,-2784,4518,s6,1708,-3398,4562,s7,2094,-1649,3394,s8,-9,-346,-366,s9,-69,-213,904,s10,111,409,-156,s11,91,45,-446,s12,-59,0,70,s13,0,0,0,s14,0,0,0,s15,0,0,0,s16,0,0,0,
37.27,-0.71,4,40.28,s1,-10371,-4192,27865,s2,8795,-7933,32670,s3,5413,-1076,13036,s4,1181,-981,480,s5,-1677,-2785,4529,s6,1710,-3399,4562,s7,2094,-1653,3397,s8,-6,-339,-367,s9,-61,-211,907,s10,115,411,-156,s11,89,46,-447,s12,-65,4,66,s13,0,0,0,s14,0,0,0,s15,0,0,0,s16,0,0,0,
37.27,-0.71,4,40.28,s1,-10382,-4193,27875,s2,8802,-7933,32666,s3,5411,-1081,13047,s4,1180,-981,480,s5,-1683,-2789,4523,s6,1708,-3406,4562,s7,2094,-1644,3398,s8,-5,-343,-370,s9,-64,-211,899,s10,110,419,-162,s11,95,46,-447,s12,-57,-4,69,s13,0,0,0,s14,0,0,0,s15,0,0,0,s16,0,0,0,
37.27,-0.71,4,40.28,s1,-10388,-4193,27878,s2,8801,-7930,32670,s3,5421,-1082,13048,s4,1184,-986,478,s5,-1684,-2786,4524,s6,1707,-3406,4566,s7,2090,-1648,3394,s8,-1,-345,-364,s9,-59,-215,899,s10,106,413,-156,s11,87,49,-443,s12,-64,-2,69,s13,0,0,0,s14,0,0,0,s15,0,0,0,s16,0,0,0,
37.27,-0.71,4,40.28,s1,-10389,-4195,27871,s2,8803,-7932,32654,s3,5420,-1080,13042,s4,1182,-983,479,s5,-1686,-2793,4524,s6,1713,-3408,4565,s7,2097,-1648,3393,s8,-6,-341,-367,s9,-64,-213,900,s10,106,410,-161,s11,90,49,-445,s12,-68,-1,67,s13,0,0,0,s14,0,0,0,s15,0,0,0,s16,0,0,0,
37.27,-0.71,4,40.28,s1,-10393,-4190,27874,s2,8802,-7928,32657,s3,5421,-1080,13054,s4,1184,-979,481,s5,-1682,-2787,4530,s6,1707,-3408,4569,s7,2095,-1645,3401,s8,-10,-342,-370,s9,-62,-215,903,s10,113,414,-158,s11,88,45,-446,s12,-65,-1,65,s13,0,0,0,s14,0,0,0,s15,0,0,0,s16,0,0,0,
37.27,-0.71,4,40.28,s1,-10398,-4194,27882,s2,8804,-7926,32709,s3,5425,-1078,13054,s4,1182,-978,479,s5,-1686,-2796,4532,s6,1717,-3404,4571,s7,2098,-1648,3405,s8,-3,-344,-371,s9,-60,-215,899,s10,110,415,-159,s11,88,48,-446,s12,-61,-1,74,s13,0,0,0,s14,0,0,0,s15,0,0,0,s16,0,0,0,
37.27,-0.71,4,40.28,s1,-10406,-4189,27886,s2,8805,-7926,32655,s3,5420,-1077,13056,s4,1177,-982,481,s5,-1688,-2795,4530,s6,1707,-3412,4571,s7,2101,-1644,3406,s8,-5,-343,-362,s9,-65,-210,908,s10,110,413,-167,s11,92,49,-449,s12,-64,-5,72,s13,0,0,0,s14,0,0,0,s15,0,0,0,s16,0,0,0,
37.27,-0.71,4,40.28,s1,-10411,-4189,27883,s2,8807,-7931,32673,s3,5430,-1080,13056,s4,1180,-978,477,s5,-1685,-2789,4534,s6,1711,-3413,4572,s7,2104,-1652,3409,s8,-7,-347,-371,s9,-60,-212,905,s10,110,413,-159,s11,92,46,-447,s12,-60,-1,67,s13,0,0,0,s14,0,0,0,s15,0,0,0,s16,0,0,0,
37.27,-0.71,4,40.28,s1,-10418,-4187,27875,s2,8811,-7929,32698,s3,5432,-1073,13056,s4,1183,-982,480,s5,-1691,-2794,4528,s6,1709,-3414,4572,s7,2104,-1648,3406,s8,-3,-340,-369,s9,-66,-216,902,s10,111,418,-164,s11,87,50,-445,s12,-64,1,74,s13,0,0,0,s14,0,0,0,s15,0,0,0,s16,0,0,0,
37.27,-0.71,4,40.28,s1,-10415,-4188,27890,s2,8809,-7929,32679,s3,5430,-1075,13059,s4,1186,-979,481,s5,-1693,-2795,4537,s6,1711,-3414,4576,s7,2100,-1649,3411,s8,-7,-340,-363,s9,-67,-215,897,s10,106,409,-161,s11,90,48,-448,s12,-62,0,66,s13,0,0,0,s14,0,0,0,s15,0,0,0,s16,0,0,0,
37.27,-0.71,4,40.28,s1,-10426,-4192,27895,s2,8811,-7931,32676,s3,5432,-1076,13063,s4,1184,-978,476,s5,-1695,-2792,4536,s6,1707,-3414,4578,s7,2098,-1653,3408,s8,-9,-342,-366,s9,-64,-213,899,s10,108,414,-163,s11,87,51,-448,s12,-63,0,61,s13,0,0,0,s14,0,0,0,s15,0,0,0,s16,0,0,0,
37.27,-0.71,4,40.28,s1,-10429,-4188,27908,s2,8815,-7929,32689,s3,5436,-1074,13061,s4,1189,-978,481,s5,-1693,-2795,4539,s6,1714,-3417,4581,s7,2106,-1652,3411,s8,-5,-340,-370,s9,-64,-212,898,s10,106,415,-163,s11,96,49,-450,s12,-63,-4,63,s13,0,0,0,s14,0,0,0,s15,0,0,0,s16,0,0,0,
37.27,-0.71,4,40.28,s1,-10435,-4183,27903,s2,8810,-7932,32677,s3,5439,-1076,13067,s4,1185,-977,480,s5,-1691,-2798,4536,s6,1709,-3419,4583,s7,2108,-1646,3411,s8,-1,-341,-366,s9,-69,-211,900,s10,106,412,-163,s11,89,48,-447,s12,-63,-2,68,s13,0,0,0,s14,0,0,0,s15,0,0,0,s16,0,0,0,
37.27,-0.71,4,40.28,s1,-10435,-4188,27910,s2,8818,-7933,32647,s3,5439,-1078,13063,s4,1186,-978,479,s5,-1695,-2797,4541,s6,1716,-3421,4583,s7,2105,-1654,3414,s8,-10,-338,-365,s9,-68,-211,898,s10,103,409,-163,s11,85,52,-444,s12,-60,0,71,s13,0,0,0,s14,0,0,0,s15,0,0,0,s16,0,0,0,
37.27,-0.71,4,40.28,s1,-10448,-4183,27916,s2,8817,-7932,32698,s3,5435,-1074,13065,s4,1188,-977,479,s5,-1694,-2800,4540,s6,1710,-3417,4582,s7,2102,-1651,3415,s8,-6,-341,-372,s9,-65,-215,902,s10,108,414,-163,s11,89,46,-444,s12,-66,1,69,s13,0,0,0,s14,0,0,0,s15,0,0,0,s16,0,0,0,
37.27,-0.71,4,40.28,s1,-10454,-4186,27913,s2,8822,-7929,32684,s3,5443,-1073,13066,s4,1185,-977,478,s5,-1697,-2799,4543,s6,1715,-3416,4582,s7,2107,-1650,3415,s8,-5,-343,-369,s9,-64,-213,901,s10,106,415,-160,s11,93,49,-447,s12,-64,0,67,s13,0,0,0,s14,0,0,0,s15,0,0,0,s16,0,0,0,
37.27,-0.71,4,40.28,s1,-10459,-4186,27924,s2,8824,-7935,32675,s3,5442,-1077,13071,s4,1186,-975,483,s5,-1701,-2795,4538,s6,1716,-3424,4583,s7,2104,-1657,3417,s8,-1,-345,-372,s9,-63,-215,902,s10,108,411,-160,s11,90,47,-447,s12,-64,1,67,s13,0,0,0,s14,0,0,0,s15,0,0,0,s16,0,0,0,
37.27,-0.71,4,40.28,s1,-10465,-4183,27920,s2,8823,-7931,32710,s3,5447,-1078,13077,s4,1187,-979,483,s5,-1697,-2797,4544,s6,1711,-3421,4585,s7,2109,-1654,3417,s8,-7,-342,-364,s9,-62,-213,898,s10,105,414,-163,s11,87,47,-450,s12,-63,-3,72,s13,0,0,0,s14,0,0,0,s15,0,0,0,s16,0,0,0,
37.27,-0.71,4,40.28,s1,-10467,-4179,27925,s2,8828,-7929,32693,s3,5447,-1075,13077,s4,1184,-982,483,s5,-1698,-2798,4542,s6,1714,-3422,4587,s7,2112,-1649,3417,s8,-8,-342,-367,s9,-65,-213,901,s10,108,414,-164,s11,93,53,-451,s12,-64,-3,65,s13,0,0,0,s14,0,0,0,s15,0,0,0,s16,0,0,0,
37.27,-0.71,4,40.28,s1,-10474,-4182,27924,s2,8822,-7930,32685,s3,5452,-1079,13074,s4,1191,-977,479,s5,-1701,-2801,4543,s6,1712,-3421,4586,s7,2111,-1654,3423,s8,-6,-342,-372,s9,-62,-216,899,s10,110,414,-160,s11,92,47,-448,s12,-63,2,71,s13,0,0,0,s14,0,0,0,s15,0,0,0,s16,0,0,0,
37.27,-0.71,4,40.28,s1,-10472,-4183,27934,s2,8827,-7924,32679,s3,5445,-1074,13081,s4,1188,-973,475,s5,-1706,-2800,4545,s6,1715,-3427,4589,s7,2111,-1655,3424,s8,-5,-345,-372,s9,-68,-212,901,s10,108,414,-162,s11,88,54,-457,s12,-66,-1,68,s13,0,0,0,s14,0,0,0,s15,0,0,0,s16,0,0,0,
37.27,-0.71,4,40.28,s1,-10484,-4182,27941,s2,8827,-7926,32689,s3,5447,-1072,13078,s4,1189,-976,480,s5,-1702,-2798,4545,s6,1709,-3428,4593,s7,2109,-1657,3422,s8,-11,-341,-371,s9,-60,-213,901,s10,106,415,-162,s11,94,49,-446,s12,-62,-1,70,s13,0,0,0,s14,0,0,0,s15,0,0,0,s16,0,0,0,
37.27,-0.71,4,40.28,s1,-10484,-4186,27939,s2,8823,-7921,32684,s3,5452,-1075,13081,s4,1190,-975,478,s5,-1707,-2805,4544,s6,1713,-3426,4592,s7,2110,-1655,3430,s8,-4,-339,-371,s9,-68,-216,901,s10,103,406,-159,s11,94,46,-452,s12,-65,-3,67,s13,0,0,0,s14,0,0,0,s15,0,0,0,s16,0,0,0,
37.27,-0.71,4,40.28,s1,-10492,-4180,27950,s2,8830,-7926,32696,s3,5452,-1078,13088,s4,1190,-974,478,s5,-1704,-2807,4547,s6,1715,-3431,4590,s7,2116,-1655,3423,s8,-11,-338,-373,s9,-68,-214,900,s10,108,411,-159,s11,90,44,-451,s12,-66,0,67,s13,0,0,0,s14,0,0,0,s15,0,0,0,s16,0,0,0,
37.27,-0.71,4,40.28,s1,-10498,-4182,27945,s2,8837,-7929,32675,s3,5453,-1072,13089,s4,1194,-973,481,s5,-1708,-2802,4552,s6,1713,-3433,4593,s7,2114,-1656,3431,s8,-10,-341,-371,s9,-67,-216,900,s10,107,409,-164,s11,93,53,-450,s12,-61,-3,69,s13,0,0,0,s14,0,0,0,s15,0,0,0,s16,0,0,0,
37.27,-0.71,4,40.28,s1,-10497,-4176,27943,s2,8834,-7927,32667,s3,5456,-1075,13086,s4,1192,-972,479,s5,-1707,-2806,4553,s6,1718,-3430,4598,s7,2115,-1664,3426,s8,-9,-340,-374,s9,-70,-212,906,s10,106,413,-161,s11,92,47,-450,s12,-61,1,67,s13,0,0,0,s14,0,0,0,s15,0,0,0,s16,0,0,0,
37.27,-0.71,4,40.28,s1,-10502,-4175,27944,s2,8839,-7926,32703,s3,5456,-1075,13086,s4,1190,-974,478,s5,-1712,-2806,4551,s6,1713,-3435,4595,s7,2115,-1656,3428,s8,-8,-340,-369,s9,-60,-213,902,s10,109,409,-162,s11,90,46,-448,s12,-63,-1,73,s13,0,0,0,s14,0,0,0,s15,0,0,0,s16,0,0,0,
37.27,-0.71,4,40.28,s1,-10510,-4180,27956,s2,8832,-7922,32672,s3,5461,-1076,13095,s4,1193,-973,483,s5,-1703,-2809,4553,s6,1712,-3436,4601,s7,2117,-1659,3432,s8,-4,-337,-372,s9,-69,-213,901,s10,108,414,-163,s11,90,47,-455,s12,-63,-1,67,s13,0,0,0,s14,0,0,0,s15,0,0,0,s16,0,0,0,
37.27,-0.71,4,40.28,s1,-10511,-4177,27944,s2,8838,-7928,32660,s3,5461,-1071,13101,s4,1188,-973,478,s5,-1709,-2801,4549,s6,1711,-3436,4599,s7,2114,-1661,3429,s8,-5,-345,-374,s9,-64,-220,905,s10,104,409,-156,s11,88,48,-451,s12,-62,0,68,s13,0,0,0,s14,0,0,0,s15,0,0,0,s16,0,0,0,
37.27,-0.71,4,40.28,s1,-10517,-4175,27958,s2,8840,-7925,32685,s3,5464,-1070,13097,s4,1196,-972,478,s5,-1711,-2806,4549,s6,1718,-3432,4602,s7,2116,-1662,3428,s8,-12,-346,-372,s9,-66,-216,902,s10,107,410,-160,s11,94,51,-452,s12,-64,-2,69,s13,0,0,0,s14,0,0,0,s15,0,0,0,s16,0,0,0,
37.27,-0.71,4,40.28,s1,-10521,-4170,27965,s2,8843,-7923,32691,s3,5470,-1075,13097,s4,1191,-974,480,s5,-1711,-2808,4554,s6,1716,-3434,4600,s7,2115,-1660,3430,s8,-10,-341,-373,s9,-67,-216,900,s10,110,412,-164,s11,97,47,-449,s12,-66,1,62,s13,0,0,0,s14,0,0,0,s15,0,0,0,s16,0,0,0,
37.27,-0.71,4,40.28,s1,-10527,-4178,27962,s2,8844,-7926,32699,s3,5464,-1076,13107,s4,1189,-970,475,s5,-1714,-2809,4555,s6,1718,-3440,4604,s7,2120,-1660,3435,s8,-10,-344,-375,s9,-68,-216,899,s10,110,413,-160,s11,92,48,-454,s12,-67,1,66,s13,0,0,0,s14,0,0,0,s15,0,0,0,s16,0,0,0,
37.27,-0.71,4,40.28,s1,-10527,-4171,27958,s2,8836,-7925,32702,s3,5469,-1080,13109,s4,1196,-973,481,s5,-1718,-2807,4560,s6,1717,-3442,4605,s7,2119,-1664,3433,s8,-4,-336,-373,s9,-64,-212,901,s10,110,412,-160,s11,95,50,-451,s12,-63,2,67,s13,0,0,0,s14,0,0,0,s15,0,0,0,s16,0,0,0,
37.27,-0.71,4,40.28,s1,-10539,-4171,27977,s2,8841,-7925,32683,s3,5467,-1071,13102,s4,1190,-969,478,s5,-1715,-2810,4561,s6,1717,-3434,4603,s7,2121,-1662,3434,s8,-7,-342,-374,s9,-67,-216,899,s10,104,411,-158,s11,92,40,-453,s12,-63,1,68,s13,0,0,0,s14,0,0,0,s15,0,0,0,s16,0,0,0,
37.27,-0.71,4,40.28,s1,-10541,-4172,27977,s2,8845,-7926,32677,s3,5464,-1072,13095,s4,1199,-970,477,s5,-1720,-2811,4556,s6,1716,-3441,4608,s7,2124,-1661,3437,s8,-8,-339,-377,s9,-65,-209,901,s10,113,411,-158,s11,91,50,-455,s12,-60,4,60,s13,0,0,0,s14,0,0,0,s15,0,0,0,s16,0,0,0,
37.27,-0.71,4,40.28,s1,-10546,-4169,27977,s2,8854,-7926,32658,s3,5471,-1074,13105,s4,1193,-972,476,s5,-1722,-2813,4558,s6,1715,-3442,4609,s7,2121,-1662,3437,s8,-8,-340,-376,s9,-62,-217,900,s10,109,415,-157,s11,92,50,-457,s12,-63,4,68,s13,0,0,0,s14,0,0,0,s15,0,0,0,s16,0,0,0,
37.27,-0.71,4,40.28,s1,-10549,-4171,27983,s2,8850,-7927,32686,s3,5473,-1072,13106,s4,1192,-976,468,s5,-1717,-2809,4555,s6,1717,-3443,4613,s7,2126,-1664,3435,s8,-5,-344,-378,s9,-62,-212,905,s10,111,407,-159,s11,89,48,-456,s12,-62,-2,61,s13,0,0,0,s14,0,0,0,s15,0,0,0,s16,0,0,0,
37.27,-0.71,4,40.28,s1,-10556,-4170,27978,s2,8851,-7925,32710,s3,5480,-1073,13108,s4,1192,-969,476,s5,-1723,-2811,4563,s6,1719,-3442,4610,s7,2122,-1664,3442,s8,-8,-339,-374,s9,-71,-214,904,s10,108,411,-157,s11,90,47,-451,s12,-62,0,64,s13,0,0,0,s14,0,0,0,s15,0,0,0,s16,0,0,0,
37.27,-0.71,4,40.28,s1,-10557,-4166,27979,s2,8850,-7927,32688,s3,5471,-1070,13105,s4,1195,-967,483,s5,-1721,-2812,4557,s6,1714,-3449,4613,s7,2123,-1662,3441,s8,-6,-339,-371,s9,-66,-215,902,s10,106,409,-156,s11,89,46,-457,s12,-64,1,64,s13,0,0,0,s14,0,0,0,s15,0,0,0,s16,0,0,0,
37.27,-0.71,4,40.28,s1,-10567,-4167,27997,s2,8850,-7928,32690,s3,5483,-1068,13111,s4,1194,-972,477,s5,-1723,-2812,4558,s6,1716,-3446,4608,s7,2132,-1661,3441,s8,-7,-338,-375,s9,-68,-214,905,s10,111,419,-159,s11,91,50,-456,s12,-64,-2,67,s13,0,0,0,s14,0,0,0,s15,0,0,0,s16,0,0,0,
37.27,-0.71,4,40.28,s1,-10571,-4172,28006,s2,8851,-7927,32700,s3,5483,-1065,13115,s4,1197,-969,476,s5,-1722,-2814,4558,s6,1718,-3451,4614,s7,2128,-1665,3445,s8,-6,-342,-373,s9,-66,-218,903,s10,108,412,-159,s11,87,47,-454,s12,-62,2,63,s13,0,0,0,s14,0,0,0,s15,0,0,0,s16,0,0,0,
37.27,-0.71,4,40.28,s1,-10575,-4166,28004,s2,8853,-7922,32690,s3,5481,-1069,13116,s4,1196,-970,474,s5,-1722,-2810,4563,s6,1715,-3446,4618,s7,2126,-1661,3446,s8,-9,-340,-375,s9,-64,-214,900,s10,108,411,-163,s11,91,46,-459,s12,-62,2,69,s13,0,0,0,s14,0,0,0,s15,0,0,0,s16,0,0,0,
37.27,-0.71,4,40.28,s1,-10581,-4168,28010,s2,8851,-7926,32695,s3,5481,-1076,13114,s4,1195,-968,479,s5,-1725,-2812,4562,s6,1718,-3446,4611,s7,2133,-1663,3448,s8,-11,-343,-372,s9,-66,-214,899,s10,108,405,-160,s11,93,45,-457,s12,-65,-1,66,s13,0,0,0,s14,0,0,0,s15,0,0,0,s16,0,0,0,
37.27,-0.71,4,40.28,s1,-10580,-4168,28004,s2,8856,-7924,32693,s3,5481,-1070,13118,s4,1198,-968,474,s5,-1725,-2810,4563,s6,1720,-3451,4615,s7,2126,-1669,3445,s8,-5,-339,-379,s9,-66,-214,905,s10,106,411,-158,s11,96,48,-454,s12,-63,-1,62,s13,0,0,0,s14,0,0,0,s15,0,0,0,s16,0,0,0,
37.27,-0.71,4,40.28,s1,-10586,-4165,28007,s2,8855,-7926,32678,s3,5483,-1071,13115,s4,1196,-971,474,s5,-1726,-2817,4565,s6,1717,-3451,4614,s7,2127,-1664,3443,s8,-8,-341,-376,s9,-69,-218,900,s10,111,410,-162,s11,87,51,-456,s12,-68,1,68,s13,0,0,0,s14,0,0,0,s15,0,0,0,s16,0,0,0,
37.27,-0.71,4,40.28,s1,-10586,-4164,28009,s2,8860,-7928,32686,s3,5488,-1067,13121,s4,1200,-970,479,s5,-1728,-2816,4559,s6,1714,-3450,4621,s7,2129,-1666,3446,s8,-8,-341,-374,s9,-66,-218,899,s10,111,414,-162,s11,95,47,-463,s12,-59,-2,66,s13,0,0,0,s14,0,0,0,s15,0,0,0,s16,0,0,0,
37.27,-0.71,4,40.28,s1,-10595,-4164,28011,s2,8859,-7927,32706,s3,5484,-1072,13123,s4,1203,-963,482,s5,-1732,-2812,4562,s6,1719,-3452,4618,s7,2125,-1667,3449,s8,-5,-338,-381,s9,-65,-214,900,s10,112,411,-156,s11,92,49,-460,s12,-69,0,69,s13,0,0,0,s14,0,0,0,s15,0,0,0,s16,0,0,0,
37.27,-0.71,4,40.28,s1,-10593,-4163,28017,s2,8862,-7924,32696,s3,5491,-1065,13121,s4,1201,-966,482,s5,-1730,-2814,4561,s6,1722,-3452,4624,s7,2132,-1666,3450,s8,-8,-332,-381,s9,-68,-215,905,s10,108,413,-157,s11,92,51,-459,s12,-63,4,69,s13,0,0,0,s14,0,0,0,s15,0,0,0,s16,0,0,0,
37.27,-0.71,4,40.28,s1,-10601,-4162,28013,s2,8864,-7923,32689,s3,5489,-1068,13125,s4,1197,-963,482,s5,-1734,-2817,4566,s6,1718,-3451,4621,s7,2130,-1671,3449,s8,-10,-339,-377,s9,-66,-215,898,s10,111,411,-158,s11,90,47,-460,s12,-69,3,65,s13,0,0,0,s14,0,0,0,s15,0,0,0,s16,0,0,0,
37.27,-0.71,4,40.28,s1,-10602,-4161,28009,s2,8864,-7922,32678,s3,5490,-1074,13126,s4,1200,-967,484,s5,-1735,-2815,4567,s6,1727,-3459,4626,s7,2126,-1666,3448,s8,-3,-341,-381,s9,-65,-216,900,s10,110,414,-163,s11,89,47,-456,s12,-66,-1,70,s13,0,0,0,s14,0,0,0,s15,0,0,0,s16,0,0,0,
37.27,-0.71,4,40.28,s1,-10603,-4163,28005,s2,8863,-7923,32682,s3,5492,-1070,13131,s4,1197,-965,482,s5,-1736,-2820,4568,s6,1718,-3456,4617,s7,2127,-1668,3452,s8,-7,-343,-378,s9,-64,-210,907,s10,108,411,-158,s11,89,45,-460,s12,-62,-7,67,s13,0,0,0,s14,0,0,0,s15,0,0,0,s16,0,0,0,
37.27,-0.71,4,40.28,s1,-10611,-4165,28015,s2,8870,-7924,32666,s3,5495,-1071,13128,s4,1198,-965,482,s5,-1735,-2818,4567,s6,1725,-3459,4622,s7,2128,-1670,3453,s8,-8,-342,-379,s9,-69,-213,901,s10,108,410,-161,s11,96,45,-459,s12,-63,1,66,s13,0,0,0,s14,0,0,0,s15,0,0,0,s16,0,0,0,
37.27,-0.71,4,40.28,s1,-10606,-4159,28007,s2,8870,-7923,32680,s3,5490,-1067,13131,s4,1199,-964,484,s5,-1732,-2822,4571,s6,1721,-3458,4625,s7,2131,-1667,3454,s8,-9,-338,-384,s9,-70,-214,906,s10,109,411,-161,s11,92,50,-456,s12,-64,5,64,s13,0,0,0,s14,0,0,0,s15,0,0,0,s16,0,0,0,
37.27,-0.71,4,40.28,s1,-10618,-4162,28021,s2,8868,-7922,32687,s3,5493,-1067,13131,s4,1198,-970,481,s5,-1737,-2819,4568,s6,1727,-3454,4622,s7,2132,-1674,3453,s8,-8,-338,-376,s9,-68,-219,904,s10,111,413,-156,s11,87,52,-456,s12,-66,-4,65,s13,0,0,0,s14,0,0,0,s15,0,0,0,s16,0,0,0,
37.27,-0.71,4,40.28,s1,-10625,-4159,28035,s2,8872,-7916,32687,s3,5497,-1072,13138,s4,1199,-966,482,s5,-1734,-2819,4570,s6,1719,-3460,4621,s7,2134,-1670,3456,s8,-11,-340,-374,s9,-63,-216,906,s10,112,410,-159,s11,92,52,-458,s12,-63,3,62,s13,0,0,0,s14,0,0,0,s15,0,0,0,s16,0,0,0,
37.27,-0.71,4,40.28,s1,-10626,-4155,28032,s2,8868,-7921,32712,s3,5499,-1069,13134,s4,1201,-969,483,s5,-1740,-2824,4567,s6,1724,-3464,4628,s7,2134,-1666,3458,s8,-10,-341,-377,s9,-63,-219,906,s10,109,411,-165,s11,94,45,-460,s12,-65,2,64,s13,0,0,0,s14,0,0,0,s15,0,0,0,s16,0,0,0,
37.27,-0.71,4,40.28,s1,-10629,-4156,28030,s2,8869,-7926,32659,s3,5495,-1071,13137,s4,1202,-964,481,s5,-1738,-2818,4563,s6,1720,-3462,4625,s7,2134,-1673,3459,s8,-9,-334,-377,s9,-67,-217,904,s10,108,408,-159,s11,93,47,-458,s12,-63,-1,64,s13,0,0,0,s14,0,0,0,s15,0,0,0,s16,0,0,0,
37.27,-0.71,4,40.28,s1,-10635,-4160,28031,s2,8868,-7921,32680,s3,5498,-1063,13143,s4,1202,-969,479,s5,-1734,-2816,4568,s6,1720,-3464,4628,s7,2141,-1671,3456,s8,-7,-339,-378,s9,-65,-219,907,s10,110,410,-161,s11,97,42,-467,s12,-66,0,67,s13,0,0,0,s14,0,0,0,s15,0,0,0,s16,0,0,0,
37.27,-0.71,4,40.28,s1,-10636,-4155,28042,s2,8874,-7916,32704,s3,5506,-1067,13147,s4,1201,-963,484,s5,-1738,-2815,4569,s6,1721,-3463,4625,s7,2140,-1670,3462,s8,-13,-337,-379,s9,-64,-218,902,s10,109,413,-159,s11,89,47,-460,s12,-65,-1,65,s13,0,0,0,s14,0,0,0,s15,0,0,0,s16,0,0,0,
37.27,-0.71,4,40.28,s1,-10647,-4156,28041,s2,8869,-7915,32682,s3,5501,-1066,13146,s4,1200,-964,483,s5,-1738,-2824,4572,s6,1724,-3465,4629,s7,2134,-1669,3460,s8,-7,-341,-375,s9,-66,-216,906,s10,109,412,-157,s11,92,49,-457,s12,-66,5,67,s13,0,0,0,s14,0,0,0,s15,0,0,0,s16,0,0,0,
37.27,-0.71,4,40.28,s1,-10643,-4157,28041,s2,8867,-7921,32684,s3,5508,-1068,13146,s4,1204,-962,477,s5,-1740,-2821,4574,s6,1723,-3462,4631,s7,2139,-1669,3461,s8,-5,-341,-378,s9,-66,-213,906,s10,106,415,-158,s11,93,49,-457,s12,-65,0,59,s13,0,0,0,s14,0,0,0,s15,0,0,0,s16,0,0,0,
37.27,-0.71,4,40.28,s1,-10652,-4149,28042,s2,8870,-7917,32673,s3,5506,-1069,13150,s4,1205,-964,486,s5,-1745,-2821,4572,s6,1719,-3467,4635,s7,2138,-1671,3462,s8,-6,-341,-382,s9,-64,-218,909,s10,110,414,-153,s11,96,50,-457,s12,-66,0,65,s13,0,0,0,s14,0,0,0,s15,0,0,0,s16,0,0,0,
37.27,-0.71,4,40.28,s1,-10655,-4152,28040,s2,8875,-7921,32699,s3,5508,-1066,13144,s4,1201,-961,480,s5,-1744,-2819,4571,s6,1723,-3464,4630,s7,2136,-1670,3466,s8,-4,-339,-382,s9,-66,-217,909,s10,110,410,-157,s11,92,49,-462,s12,-64,-3,64,s13,0,0,0,s14,0,0,0,s15,0,0,0,s16,0,0,0,
37.27,-0.71,4,40.28,s1,-10657,-4156,28036,s2,8877,-7918,32699,s3,5505,-1069,13146,s4,1204,-961,487,s5,-1745,-2818,4569,s6,1726,-3469,4634,s7,2139,-1675,3465,s8,-8,-335,-384,s9,-66,-215,907,s10,106,411,-159,s11,90,50,-460,s12,-64,3,68,s13,0,0,0,s14,0,0,0,s15,0,0,0,s16,0,0,0,
37.27,-0.71,4,40.28,s1,-10663,-4155,28046,s2,8876,-7922,32677,s3,5505,-1061,13145,s4,1203,-962,486,s5,-1741,-2822,4571,s6,1720,-3466,4636,s7,2143,-1673,3469,s8,-8,-340,-377,s9,-69,-217,906,s10,111,407,-160,s11,91,52,-464,s12,-66,3,69,s13,0,0,0,s14,0,0,0,s15,0,0,0,s16,0,0,0,
37.27,-0.71,4,40.28,s1,-10665,-4151,28048,s2,8875,-7917,32662,s3,5511,-1068,13149,s4,1205,-966,486,s5,-1744,-2824,4573,s6,1723,-3468,4635,s7,2139,-1670,3468,s8,-5,-336,-380,s9,-63,-214,904,s10,107,410,-157,s11,100,50,-457,s12,-66,4,60,s13,0,0,0,s14,0,0,0,s15,0,0,0,s16,0,0,0,
37.27,-0.71,4,40.28,s1,-10669,-4150,28054,s2,8882,-7924,32712,s3,5511,-1064,13154,s4,1203,-962,491,s5,-1748,-2821,4579,s6,1721,-3471,4639,s7,2142,-1669,3464,s8,-7,-337,-377,s9,-66,-216,902,s10,111,409,-160,s11,97,47,-462,s12,-61,-5,64,s13,0,0,0,s14,0,0,0,s15,0,0,0,s16,0,0,0,
37.27,-0.71,4,40.28,s1,-10669,-4152,28059,s2,8879,-7923,32703,s3,5510,-1070,13157,s4,1204,-962,486,s5,-1751,-2824,4574,s6,1722,-3469,4640,s7,2144,-1671,3462,s8,-12,-338,-377,s9,-70,-216,903,s10,110,414,-164,s11,92,51,-463,s12,-67,2,60,s13,0,0,0,s14,0,0,0,s15,0,0,0,s16,0,0,0,
37.27,-0.71,4,40.28,s1,-10682,-4151,28055,s2,8885,-7925,32697,s3,5513,-1065,13158,s4,1202,-963,491,s5,-1749,-2826,4572,s6,1726,-3470,4636,s7,2145,-1677,3470,s8,-6,-337,-381,s9,-69,-215,904,s10,109,407,-158,s11,93,48,-460,s12,-66,3,66,s13,0,0,0,s14,0,0,0,s15,0,0,0,s16,0,0,0,
37.27,-0.71,4,40.28,s1,-10674,-4153,28057,s2,8890,-7922,32706,s3,5511,-1064,13155,s4,1209,-961,487,s5,-1751,-2825,4573,s6,1724,-3470,4639,s7,2144,-1673,3466,s8,-9,-336,-381,s9,-68,-214,905,s10,110,412,-161,s11,95,49,-462,s12,-64,-3,61,s13,0,0,0,s14,0,0,0,s15,0,0,0,s16,0,0,0,
37.27,-0.71,4,40.28,s1,-10683,-4151,28048,s2,8887,-7920,32695,s3,5518,-1068,13158,s4,1207,-959,485,s5,-1745,-2820,4572,s6,1728,-3470,4642,s7,2140,-1673,3464,s8,-7,-339,-383,s9,-69,-215,902,s10,109,407,-159,s11,91,47,-463,s12,-67,2,69,s13,0,0,0,s14,0,0,0,s15,0,0,0,s16,0,0,0,
37.27,-0.71,4,40.28,s1,-10681,-4141,28061,s2,8893,-7916,32692,s3,5517,-1066,13163,s4,1205,-959,487,s5,-1752,-2826,4570,s6,1727,-3471,4642,s7,2146,-1671,3471,s8,-12,-339,-380,s9,-69,-215,910,s10,113,411,-161,s11,93,46,-461,s12,-65,-2,64,s13,0,0,0,s14,0,0,0,s15,0,0,0,s16,0,0,0,
37.27,-0.71,4,40.28,s1,-10688,-4152,28062,s2,8887,-7922,32678,s3,5526,-1062,13166,s4,1206,-960,482,s5,-1751,-2827,4573,s6,1725,-3477,4642,s7,2144,-1674,3475,s8,-6,-341,-380,s9,-65,-214,906,s10,110,409,-156,s11,92,47,-463,s12,-68,0,63,s13,0,0,0,s14,0,0,0,s15,0,0,0,s16,0,0,0,
37.27,-0.71,4,40.28,s1,-10694,-4150,28064,s2,8888,-7919,32687,s3,5521,-1065,13163,s4,1208,-962,477,s5,-1748,-2823,4576,s6,1721,-3477,4646,s7,2147,-1673,3474,s8,-10,-335,-380,s9,-66,-218,905,s10,107,408,-156,s11,92,50,-460,s12,-64,-4,63,s13,0,0,0,s14,0,0,0,s15,0,0,0,s16,0,0,0,
37.27,-0.71,4,40.28,s1,-10698,-4146,28067,s2,8891,-7923,32680,s3,5523,-1065,13161,s4,1207,-959,484,s5,-1750,-2823,4574,s6,1726,-3472,4644,s7,2148,-1675,3473,s8,-13,-340,-380,s9,-67,-218,908,s10,108,411,-158,s11,91,53,-463,s12,-64,0,64,s13,0,0,0,s14,0,0,0,s15,0,0,0,s16,0,0,0,
37.27,-0.71,4,40.28,s1,-10700,-4140,28056,s2,8890,-7920,32691,s3,5521,-1066,13157,s4,1211,-959,480,s5,-1754,-2825,4571,s6,1725,-3476,4644,s7,2144,-1680,3473,s8,-4,-339,-383,s9,-69,-216,899,s10,110,409,-159,s11,93,44,-460,s12,-68,2,65,s13,0,0,0,s14,0,0,0,s15,0,0,0,s16,0,0,0,
37.27,-0.71,4,40.28,s1,-10703,-4148,28060,s2,8892,-7921,32687,s3,5520,-1065,13165,s4,1206,-960,483,s5,-1749,-2827,4577,s6,1726,-3475,4645,s7,2147,-1673,3476,s8,-9,-334,-385,s9,-66,-217,904,s10,110,408,-159,s11,90,48,-466,s12,-62,2,70,s13,0,0,0,s14,0,0,0,s15,0,0,0,s16,0,0,0,
37.27,-0.71,4,40.28,s1,-10708,-4143,28077,s2,8891,-7920,32685,s3,5528,-1063,13170,s4,1209,-960,487,s5,-1756,-2827,4579,s6,1722,-3476,4647,s7,2149,-1678,3472,s8,-10,-338,-385,s9,-66,-215,907,s10,108,414,-158,s11,91,48,-459,s12,-67,-1,68,s13,0,0,0,s14,0,0,0,s15,0,0,0,s16,0,0,0,
37.27,-0.71,4,40.28,s1,-10715,-4146,28083,s2,8892,-7920,32662,s3,5523,-1064,13168,s4,1212,-964,487,s5,-1758,-2828,4580,s6,1724,-3474,4642,s7,2149,-1675,3474,s8,-9,-338,-382,s9,-64,-217,906,s10,110,411,-164,s11,96,50,-464,s12,-60,1,66,s13,0,0,0,s14,0,0,0,s15,0,0,0,s16,0,0,0,
37.27,-0.71,4,40.28,s1,-10717,-4146,28075,s2,8895,-7921,32675,s3,5529,-1062,13171,s4,1207,-956,487,s5,-1760,-2833,4583,s6,1721,-3478,4643,s7,2150,-1673,3481,s8,-11,-337,-377,s9,-70,-216,903,s10,108,409,-164,s11,99,47,-462,s12,-67,1,67,s13,0,0,0,s14,0,0,0,s15,0,0,0,s16,0,0,0,
37.27,-0.71,4,40.28,s1,-10718,-4142,28075,s2,8896,-7917,32681,s3,5528,-1063,13174,s4,1210,-962,483,s5,-1758,-2829,4582,s6,1733,-3479,4649,s7,2142,-1675,3478,s8,-7,-336,-379,s9,-66,-213,906,s10,111,408,-161,s11,92,47,-467,s12,-64,2,67,s13,0,0,0,s14,0,0,0,s15,0,0,0,s16,0,0,0,
37.27,-0.71,4,40.28,s1,-10725,-4138,28072,s2,8898,-7917,32675,s3,5532,-1060,13179,s4,1208,-957,486,s5,-1755,-2831,4585,s6,1727,-3477,4650,s7,2149,-1680,3477,s8,-11,-332,-382,s9,-64,-212,908,s10,109,410,-159,s11,93,49,-460,s12,-67,0,64,s13,0,0,0,s14,0,0,0,s15,0,0,0,s16,0,0,0,
37.27,-0.71,4,40.28,s1,-10879,-4202,28217,s2,8823,-7920,32700,s3,5502,-1040,13238,s4,1195,-945,545,s5,-1795,-2868,4636,s6,1716,-3526,4717,s7,2160,-1688,3538,s8,2,-353,-352,s9,-81,-214,911,s10,106,405,-151,s11,90,47,-435,s12,-66,8,85,s13,0,0,0,s14,0,0,0,s15,0,0,0,s16,0,0,0,
37.27,-0.71,4,40.28,s1,-10717,-4196,27941,s2,8797,-7964,32695,s3,5480,-1073,13116,s4,1179,-947,485,s5,-1751,-2808,4509,s6,1707,-3468,4579,s7,2124,-1666,3417,s8,-32,-339,-373,s9,-67,-209,853,s10,106,417,-188,s11,93,47,-471,s12,-70,-5,65,s13,0,0,0,s14,0,0,0,s15,0,0,0,s16,0,0,0,
37.27,-0.71,4,40.28,s1,-10642,-4049,27751,s2,8755,-7712,32674,s3,5453,-990,13033,s4,1165,-931,482,s5,-1736,-2776,4495,s6,1704,-3424,4566,s7,2109,-1626,3407,s8,-11,-327,-371,s9,-68,-209,881,s10,109,418,-165,s11,89,55,-451,s12,-64,0,68,s13,0,0,0,s14,0,0,0,s15,0,0,0,s16,0,0,0,
37.27,-0.71,4,40.28,s1,-10794,-4148,28087,s2,8834,-7881,32670,s3,5508,-1044,13188,s4,1202,-953,513,s5,-1775,-2842,4602,s6,1724,-3485,4676,s7,2153,-1678,3494,s8,-4,-340,-363,s9,-71,-216,898,s10,107,406,-156,s11,92,44,-449,s12,-62,0,67,s13,0,0,0,s14,0,0,0,s15,0,0,0,s16,0,0,0,
37.27,-0.71,4,40.28,s1,-10811,-4167,28324,s2,9012,-7951,32666,s3,5598,-1068,13268,s4,1242,-971,496,s5,-1789,-2883,4674,s6,1756,-3539,4762,s7,2197,-1711,3575,s8,7,-344,-385,s9,-72,-227,935,s10,110,404,-145,s11,101,48,-457,s12,-54,-3,66,s13,0,0,0,s14,0,0,0,s15,0,0,0,s16,0,0,0,
37.27,-0.71,4,40.28,s1,-10834,-4184,28149,s2,8852,-7979,32681,s3,5533,-1081,13228,s4,1201,-958,507,s5,-1784,-2865,4602,s6,1732,-3511,4684,s7,2162,-1684,3501,s8,-11,-344,-366,s9,-81,-219,895,s10,109,403,-159,s11,86,48,-463,s12,-65,-4,67,s13,0,0,0,s14,0,0,0,s15,0,0,0,s16,0,0,0,
37.27,-0.71,4,40.28,s1,-10776,-4123,27953,s2,8770,-7840,32680,s3,5483,-1025,13117,s4,1176,-942,515,s5,-1763,-2819,4527,s6,1717,-3470,4611,s7,2122,-1662,3451,s8,-4,-337,-357,s9,-76,-215,882,s10,109,411,-159,s11,90,49,-456,s12,-64,1,75,s13,0,0,0,s14,0,0,0,s15,0,0,0,s16,0,0,0,
37.27,-0.71,4,40.28,s1,-10742,-4121,27978,s2,8865,-7880,32703,s3,5516,-1056,13126,s4,1194,-947,485,s5,-1759,-2822,4535,s6,1719,-3477,4616,s7,2135,-1666,3454,s8,-12,-337,-382,s9,-62,-218,887,s10,109,410,-166,s11,94,43,-463,s12,-66,-3,67,s13,0,0,0,s14,0,0,0,s15,0,0,0,s16,0,0,0,
37.27,-0.71,4,40.28,s1,-10851,-4176,28193,s2,8861,-7947,32682,s3,5541,-1063,13225,s4,1208,-950,526,s5,-1798,-2864,4627,s6,1732,-3516,4700,s7,2164,-1691,3516,s8,-6,-345,-362,s9,-70,-221,896,s10,113,402,-152,s11,95,41,-453,s12,-66,-1,73,s13,0,0,0,s14,0,0,0,s15,0,0,0,s16,0,0,0,
37.27,-0.71,4,40.28,s1,-10866,-4169,28165,s2,8843,-7934,32697,s3,5528,-1059,13212,s4,1200,-951,526,s5,-1794,-2863,4603,s6,1726,-3513,4692,s7,2160,-1688,3514,s8,-4,-343,-361,s9,-74,-219,898,s10,107,408,-157,s11,92,41,-455,s12,-63,-5,76,s13,0,0,0,s14,0,0,0,s15,0,0,0,s16,0,0,0,
37.27,-0.71,4,40.28,s1,-10792,-4138,27994,s2,8844,-7893,32703,s3,5510,-1059,13148,s4,1190,-949,497,s5,-1764,-2826,4541,s6,1718,-3481,4624,s7,2140,-1671,3448,s8,-12,-343,-367,s9,-70,-215,884,s10,109,408,-165,s11,94,48,-466,s12,-66,-10,66,s13,0,0,0,s14,0,0,0,s15,0,0,0,s16,0,0,0,
37.27,-0.71,4,40.28,s1,-10808,-4151,28051,s2,8851,-7919,32667,s3,5527,-1062,13172,s4,1197,-951,498,s5,-1777,-2835,4565,s6,1722,-3493,4653,s7,2148,-1676,3467,s8,-8,-344,-367,s9,-69,-219,886,s10,111,407,-165,s11,87,46,-458,s12,-62,-1,72,s13,0,0,0,s14,0,0,0,s15,0,0,0,s16,0,0,0,
37.27,-0.71,4,40.28,s1,-10866,-4179,28179,s2,8866,-7957,32698,s3,5542,-1065,13223,s4,1203,-959,513,s5,-1788,-2857,4591,s6,1725,-3514,4682,s7,2161,-1697,3497,s8,-8,-345,-363,s9,-73,-223,894,s10,103,407,-164,s11,93,42,-459,s12,-65,-4,70,s13,0,0,0,s14,0,0,0,s15,0,0,0,s16,0,0,0,
37.27,-0.71,4,40.28,s1,-10832,-4174,28090,s2,8890,-7989,32699,s3,5535,-1089,13187,s4,1204,-960,498,s5,-1766,-2828,4552,s6,1720,-3492,4611,s7,2144,-1680,3455,s8,-17,-340,-377,s9,-66,-220,880,s10,113,412,-169,s11,91,49,-472,s12,-71,-6,67,s13,0,0,0,s14,0,0,0,s15,0,0,0,s16,0,0,0,
37.27,-0.71,4,40.28,s1,-10826,-4139,28077,s2,8833,-7931,32709,s3,5522,-1064,13169,s4,1196,-950,497,s5,-1768,-2836,4548,s6,1715,-3483,4638,s7,2138,-1675,3463,s8,-13,-344,-372,s9,-70,-215,884,s10,107,406,-166,s11,93,48,-464,s12,-66,-1,65,s13,0,0,0,s14,0,0,0,s15,0,0,0,s16,0,0,0,
37.27,-0.71,4,40.28,s1,-10837,-4181,28131,s2,8884,-7974,32672,s3,5542,-1097,13208,s4,1206,-959,475,s5,-1778,-2841,4568,s6,1728,-3508,4639,s7,2154,-1685,3461,s8,-13,-343,-371,s9,-67,-218,883,s10,110,411,-170,s11,95,43,-470,s12,-69,-8,63,s13,0,0,0,s14,0,0,0,s15,0,0,0,s16,0,0,0,
37.27,-0.71,4,40.28,s1,-10843,-4150,28081,s2,8839,-7929,32700,s3,5536,-1064,13176,s4,1197,-947,497,s5,-1776,-2833,4541,s6,1714,-3495,4623,s7,2147,-1684,3447,s8,-12,-342,-371,s9,-68,-215,881,s10,112,404,-170,s11,89,44,-461,s12,-65,-6,66,s13,0,0,0,s14,0,0,0,s15,0,0,0,s16,0,0,0,
37.27,-0.71,4,40.28,s1,-10853,-4157,28070,s2,8848,-7909,32706,s3,5514,-1060,13184,s4,1188,-951,501,s5,-1781,-2841,4563,s6,1729,-3495,4649,s7,2145,-1674,3466,s8,-16,-344,-366,s9,-74,-216,889,s10,109,407,-165,s11,90,50,-463,s12,-66,0,68,s13,0,0,0,s14,0,0,0,s15,0,0,0,s16,0,0,0,
37.27,-0.71,4,40.28,s1,-10876,-4174,28141,s2,8837,-7935,32687,s3,5535,-1054,13189,s4,1207,-954,521,s5,-1788,-2856,4564,s6,1728,-3513,4644,s7,2151,-1688,3470,s8,-6,-345,-365,s9,-67,-218,881,s10,110,403,-165,s11,88,42,-462,s12,-62,-1,69,s13,0,0,0,s14,0,0,0,s15,0,0,0,s16,0,0,0,
37.27,-0.71,4,40.28,s1,-10880,-4163,28109,s2,8858,-7915,32711,s3,5538,-1048,13190,s4,1200,-947,513,s5,-1788,-2856,4587,s6,1730,-3513,4674,s7,2160,-1682,3499,s8,-16,-348,-369,s9,-68,-218,876,s10,117,406,-166,s11,89,47,-463,s12,-63,0,67,s13,0,0,0,s14,0,0,0,s15,0,0,0,s16,0,0,0,
37.27,-0.71,4,40.28,s1,-10887,-4153,28152,s2,8865,-7917,32698,s3,5538,-1049,13204,s4,1208,-948,521,s5,-1796,-2863,4580,s6,1731,-3513,4663,s7,2163,-1691,3489,s8,-9,-341,-371,s9,-68,-220,885,s10,108,409,-165,s11,95,42,-461,s12,-63,-1,65,s13,0,0,0,s14,0,0,0,s15,0,0,0,s16,0,0,0,
37.27,-0.71,4,40.28,s1,-10860,-4139,28106,s2,8867,-7899,32736,s3,5550,-1052,13187,s4,1199,-949,498,s5,-1788,-2851,4601,s6,1733,-3503,4686,s7,2165,-1675,3514,s8,-9,-341,-372,s9,-66,-215,896,s10,108,412,-163,s11,95,45,-466,s12,-66,-5,63,s13,0,0,0,s14,0,0,0,s15,0,0,0,s16,0,0,0,
37.27,-0.71,4,40.28,s1,-10904,-4168,28121,s2,8844,-7915,32708,s3,5533,-1046,13209,s4,1201,-944,524,s5,-1790,-2865,4591,s6,1734,-3513,4664,s7,2156,-1686,3496,s8,-3,-340,-369,s9,-75,-218,880,s10,107,407,-164,s11,95,48,-461,s12,-63,-1,63,s13,0,0,0,s14,0,0,0,s15,0,0,0,s16,0,0,0,
37.27,-0.71,4,40.28,s1,-10877,-4162,28096,s2,8856,-7945,32693,s3,5543,-1057,13190,s4,1201,-943,496,s5,-1782,-2844,4561,s6,1726,-3502,4644,s7,2148,-1680,3483,s8,-14,-337,-377,s9,-72,-215,888,s10,111,408,-173,s11,91,41,-472,s12,-66,-3,68,s13,0,0,0,s14,0,0,0,s15,0,0,0,s16,0,0,0,
37.27,-0.71,4,40.28,s1,-10919,-4184,28153,s2,8854,-7999,32704,s3,5537,-1058,13217,s4,1194,-950,508,s5,-1792,-2864,4585,s6,1728,-3513,4655,s7,2151,-1692,3493,s8,-11,-338,-371,s9,-69,-218,866,s10,111,412,-176,s11,94,42,-475,s12,-64,0,68,s13,0,0,0,s14,0,0,0,s15,0,0,0,s16,0,0,0,
37.27,-0.71,4,40.28,s1,-10891,-4166,28090,s2,8856,-7948,32688,s3,5537,-1055,13180,s4,1195,-945,505,s5,-1787,-2844,4556,s6,1724,-3504,4642,s7,2152,-1679,3479,s8,-15,-338,-371,s9,-65,-213,877,s10,111,408,-169,s11,92,46,-472,s12,-64,1,66,s13,0,0,0,s14,0,0,0,s15,0,0,0,s16,0,0,0,
37.27,-0.71,4,40.28,s1,-10881,-4126,28137,s2,8899,-7878,32690,s3,5556,-1035,13211,s4,1206,-940,502,s5,-1796,-2857,4597,s6,1730,-3512,4675,s7,2162,-1685,3511,s8,-6,-336,-368,s9,-75,-217,892,s10,113,410,-162,s11,96,48,-456,s12,-61,0,63,s13,0,0,0,s14,0,0,0,s15,0,0,0,s16,0,0,0,
37.27,-0.71,4,40.28,s1,-11041,-3695,27795,s2,8568,-6918,32713,s3,5407,-686,13111,s4,1078,-833,672,s5,-1915,-2846,4734,s6,1771,-3420,4910,s7,2151,-1649,3638,s8,57,-348,-208,s9,-109,-227,962,s10,113,401,-43,s11,78,45,-353,s12,-42,40,105,s13,0,0,0,s14,0,0,0,s15,0,0,0,s16,0,0,0,
37.27,-0.71,4,40.28,s1,-11181,-3700,27966,s2,8263,-6429,32721,s3,5303,-423,13070,s4,1085,-780,836,s5,-2055,-2972,5196,s6,1822,-3593,5400,s7,2272,-1694,4104,s8,112,-366,-167,s9,-138,-246,1114,s10,117,355,34,s11,99,27,-279,s12,-24,39,111,s13,0,0,0,s14,0,0,0,s15,0,0,0,s16,0,0,0,
37.27,-0.71,4,40.28,s1,-11281,-3051,27649,s2,7699,-5259,32696,s3,5116,-70,12853,s4,1053,-685,1046,s5,-2203,-3008,5415,s6,1831,-3606,5747,s7,2326,-1657,4378,s8,175,-380,-61,s9,-171,-257,1117,s10,109,308,137,s11,94,17,-172,s12,-4,61,124,s13,0,0,0,s14,0,0,0,s15,0,0,0,s16,0,0,0,
37.27,-0.71,4,40.28,s1,-11376,-2807,27405,s2,7202,-4642,32712,s3,4953,158,12710,s4,975,-601,1242,s5,-2305,-2999,5510,s6,1811,-3572,5939,s7,2326,-1622,4482,s8,209,-384,39,s9,-201,-256,1165,s10,106,299,213,s11,83,16,-68,s12,0,74,154,s13,0,0,0,s14,0,0,0,s15,0,0,0,s16,0,0,0,
37.15,-0.71,4,40.28,s1,-11379,-2935,27672,s2,7364,-4861,32674,s3,5018,69,12726,s4,997,-629,1219,s5,-2275,-3010,5448,s6,1818,-3586,5845,s7,2307,-1638,4380,s8,209,-386,5,s9,-188,-257,1157,s10,112,303,200,s11,79,14,-79,s12,6,76,148,s13,0,0,0,s14,0,0,0,s15,0,0,0,s16,0,0,0,
37.15,-0.71,4,40.28,s1,-11393,-2932,27696,s2,7345,-4803,32668,s3,5013,79,12704,s4,992,-628,1216,s5,-2274,-3001,5450,s6,1808,-3568,5837,s7,2295,-1628,4344,s8,211,-391,19,s9,-193,-252,1170,s10,113,301,221,s11,79,17,-60,s12,6,77,150,s13,0,0,0,s14,0,0,0,s15,0,0,0,s16,0,0,0,
37.15,-0.71,4,40.28,s1,-11399,-2861,27658,s2,7323,-4719,32675,s3,5002,107,12688,s4,987,-614,1237,s5,-2289,-2988,5460,s6,1800,-3562,5847,s7,2292,-1622,4347,s8,217,-389,32,s9,-197,-253,1182,s10,114,305,237,s11,77,18,-41,s12,9,78,154,s13,0,0,0,s14,0,0,0,s15,0,0,0,s16,0,0,0,
37.15,-0.71,4,40.28,s1,-11438,-2920,27775,s2,7343,-4824,32720,s3,5009,68,12706,s4,989,-624,1245,s5,-2276,-2992,5425,s6,1793,-3562,5798,s7,2279,-1625,4300,s8,210,-391,31,s9,-195,-253,1174,s10,114,303,234,s11,76,19,-45,s12,6,80,157,s13,0,0,0,s14,0,0,0,s15,0,0,0,s16,0,0,0,
37.15,-0.70,4,40.28,s1,-11440,-2870,27750,s2,7331,-4729,32686,s3,5010,95,12687,s4,988,-615,1259,s5,-2287,-2990,5452,s6,1797,-3562,5833,s7,2279,-1622,4331,s8,217,-386,34,s9,-204,-251,1186,s10,119,301,245,s11,72,21,-31,s12,10,78,153,s13,0,0,0,s14,0,0,0,s15,0,0,0,s16,0,0,0,
37.15,-0.70,4,40.28,s1,-11475,-2916,27826,s2,7341,-4787,32703,s3,5004,67,12692,s4,980,-623,1269,s5,-2286,-2996,5426,s6,1796,-3559,5782,s7,2257,-1621,4281,s8,217,-388,42,s9,-196,-252,1182,s10,119,311,245,s11,74,25,-28,s12,8,75,157,s13,0,0,0,s14,0,0,0,s15,0,0,0,s16,0,0,0,
37.15,-0.70,4,40.28,s1,-11473,-2884,27804,s2,7318,-4734,32712,s3,5000,88,12672,s4,978,-613,1278,s5,-2282,-2988,5426,s6,1792,-3548,5792,s7,2253,-1610,4274,s8,214,-388,48,s9,-204,-248,1186,s10,117,303,262,s11,76,20,-11,s12,5,76,162,s13,0,0,0,s14,0,0,0,s15,0,0,0,s16,0,0,0,
37.15,-0.70,4,40.28,s1,-11485,-2915,27843,s2,7322,-4764,32702,s3,4997,79,12669,s4,977,-615,1288,s5,-2279,-2982,5415,s6,1781,-3549,5770,s7,2241,-1610,4241,s8,218,-391,50,s9,-197,-249,1184,s10,113,308,259,s11,70,21,-2,s12,8,79,161,s13,0,0,0,s14,0,0,0,s15,0,0,0,s16,0,0,0,
37.15,-0.70,4,40.28,s1,-11502,-2922,27868,s2,7323,-4764,32692,s3,4997,78,12649,s4,971,-614,1297,s5,-2275,-2983,5406,s6,1782,-3541,5748,s7,2239,-1612,4227,s8,222,-389,52,s9,-198,-257,1182,s10,117,306,259,s11,71,25,-2,s12,7,76,163,s13,0,0,0,s14,0,0,0,s15,0,0,0,s16,0,0,0,
37.15,-0.70,4,40.28,s1,-11506,-2914,27878,s2,7314,-4749,32674,s3,4993,79,12643,s4,970,-610,1305,s5,-2278,-2979,5396,s6,1778,-3544,5737,s7,2226,-1603,4222,s8,222,-391,55,s9,-202,-249,1185,s10,117,312,266,s11,70,24,8,s12,10,81,170,s13,0,0,0,s14,0,0,0,s15,0,0,0,s16,0,0,0,
37.15,-0.70,4,40.28,s1,-11530,-2938,27923,s2,7315,-4775,32684,s3,4990,69,12635,s4,969,-610,1319,s5,-2268,-2982,5382,s6,1777,-3535,5717,s7,2218,-1602,4193,s8,222,-390,60,s9,-203,-247,1186,s10,117,312,260,s11,65,25,11,s12,8,83,162,s13,0,0,0,s14,0,0,0,s15,0,0,0,s16,0,0,0,
37.15,-0.70,4,40.28,s1,-11528,-2931,27905,s2,7302,-4742,32702,s3,4984,77,12624,s4,970,-607,1323,s5,-2276,-2970,5380,s6,1775,-3531,5714,s7,2213,-1598,4178,s8,226,-391,63,s9,-198,-247,1184,s10,116,312,267,s11,64,21,19,s12,9,80,166,s13,0,0,0,s14,0,0,0,s15,0,0,0,s16,0,0,0,
37.15,-0.70,4,40.28,s1,-11539,-2955,27938,s2,7306,-4773,32681,s3,4986,70,12613,s4,959,-609,1324,s5,-2268,-2966,5369,s6,1773,-3530,5692,s7,2196,-1591,4155,s8,218,-388,67,s9,-200,-247,1183,s10,118,309,272,s11,67,29,27,s12,12,80,168,s13,0,0,0,s14,0,0,0,s15,0,0,0,s16,0,0,0,
37.15,-0.70,4,40.28,s1,-11540,-2947,27942,s2,7302,-4764,32686,s3,4981,65,12602,s4,963,-603,1332,s5,-2269,-2964,5362,s6,1766,-3526,5683,s7,2191,-1587,4142,s8,220,-389,71,s9,-200,-245,1188,s10,116,312,268,s11,67,25,22,s12,5,83,172,s13,0,0,0,s14,0,0,0,s15,0,0,0,s16,0,0,0,
37.15,-0.70,4,40.28,s1,-11559,-2962,27965,s2,7300,-4775,32665,s3,4980,67,12593,s4,963,-604,1338,s5,-2260,-2963,5347,s6,1769,-3522,5659,s7,2183,-1582,4124,s8,218,-388,72,s9,-200,-242,1177,s10,121,315,269,s11,64,26,31,s12,10,79,172,s13,0,0,0,s14,0,0,0,s15,0,0,0,s16,0,0,0,
37.15,-0.70,4,40.28,s1,-11559,-2971,27974,s2,7304,-4771,32685,s3,4980,66,12592,s4,960,-602,1346,s5,-2260,-2957,5340,s6,1765,-3513,5647,s7,2174,-1577,4099,s8,220,-387,74,s9,-197,-244,1180,s10,119,318,270,s11,62,23,35,s12,9,84,170,s13,0,0,0,s14,0,0,0,s15,0,0,0,s16,0,0,0,
37.15,-0.70,4,40.28,s1,-11573,-2973,28005,s2,7292,-4775,32686,s3,4974,60,12572,s4,952,-607,1350,s5,-2254,-2957,5339,s6,1758,-3508,5632,s7,2169,-1574,4082,s8,216,-389,75,s9,-200,-239,1174,s10,119,321,269,s11,64,24,41,s12,10,80,172,s13,0,0,0,s14,0,0,0,s15,0,0,0,s16,0,0,0,
37.15,-0.70,4,40.28,s1,-11583,-2992,28010,s2,7293,-4787,32707,s3,4973,56,12562,s4,949,-601,1351,s5,-2256,-2953,5320,s6,1756,-3505,5618,s7,2155,-1568,4058,s8,223,-387,79,s9,-197,-236,1178,s10,119,316,274,s11,62,26,42,s12,10,82,169,s13,0,0,0,s14,0,0,0,s15,0,0,0,s16,0,0,0,
37.15,-0.70,4,40.28,s1,-11586,-2992,28029,s2,7291,-4787,32711,s3,4971,58,12549,s4,950,-603,1358,s5,-2251,-2949,5315,s6,1752,-3500,5606,s7,2154,-1562,4046,s8,222,-385,88,s9,-199,-241,1169,s10,120,322,275,s11,59,27,42,s12,10,86,177,s13,0,0,0,s14,0,0,0,s15,0,0,0,s16,0,0,0,
37.15,-0.70,4,40.28,s1,-11601,-3005,28039,s2,7298,-4796,32713,s3,4971,56,12537,s4,945,-600,1359,s5,-2250,-2947,5301,s6,1755,-3499,5586,s7,2145,-1562,4027,s8,219,-383,83,s9,-200,-237,1177,s10,118,323,273,s11,60,26,54,s12,8,84,175,s13,0,0,0,s14,0,0,0,s15,0,0,0,s16,0,0,0,
37.15,-0.70,4,40.28,s1,-11604,-3010,28061,s2,7290,-4799,32696,s3,4960,49,12525,s4,941,-598,1368,s5,-2242,-2940,5291,s6,1745,-3494,5575,s7,2134,-1555,4004,s8,215,-387,91,s9,-200,-234,1169,s10,119,323,277,s11,57,31,52,s12,7,86,177,s13,0,0,0,s14,0,0,0,s15,0,0,0,s16,0,0,0,
37.15,-0.70,4,40.28,s1,-11617,-3023,28078,s2,7288,-4807,32702,s3,4966,47,12516,s4,942,-599,1372,s5,-2242,-2944,5285,s6,1749,-3491,5558,s7,2125,-1546,3990,s8,220,-387,89,s9,-203,-239,1167,s10,113,324,276,s11,60,25,53,s12,8,87,179,s13,0,0,0,s14,0,0,0,s15,0,0,0,s16,0,0,0,
37.15,-0.70,4,40.28,s1,-11623,-3032,28096,s2,7289,-4815,32713,s3,4959,42,12503,s4,939,-605,1376,s5,-2240,-2936,5272,s6,1741,-3482,5548,s7,2116,-1542,3973,s8,223,-385,91,s9,-202,-234,1170,s10,118,330,276,s11,56,26,57,s12,14,82,175,s13,0,0,0,s14,0,0,0,s15,0,0,0,s16,0,0,0,
37.15,-0.70,4,40.28,s1,-11627,-3043,28113,s2,7292,-4826,32696,s3,4959,40,12488,s4,936,-596,1382,s5,-2233,-2933,5271,s6,1739,-3482,5534,s7,2112,-1540,3950,s8,222,-384,95,s9,-199,-232,1165,s10,118,328,279,s11,58,33,59,s12,9,88,178,s13,0,0,0,s14,0,0,0,s15,0,0,0,s16,0,0,0,
37.15,-0.70,4,40.28,s1,-11633,-3048,28129,s2,7286,-4827,32696,s3,4961,34,12480,s4,931,-603,1381,s5,-2229,-2931,5259,s6,1734,-3476,5509,s7,2108,-1531,3938,s8,216,-379,96,s9,-196,-231,1164,s10,119,328,276,s11,51,32,56,s12,10,85,178,s13,0,0,0,s14,0,0,0,s15,0,0,0,s16,0,0,0,
37.15,-0.70,4,40.28,s1,-11641,-3056,28141,s2,7291,-4838,32716,s3,4959,32,12466,s4,932,-601,1389,s5,-2224,-2930,5246,s6,1733,-3476,5502,s7,2094,-1529,3914,s8,221,-386,95,s9,-198,-228,1163,s10,123,326,276,s11,54,30,63,s12,7,86,179,s13,0,0,0,s14,0,0,0,s15,0,0,0,s16,0,0,0,
37.15,-0.70,4,40.28,s1,-11648,-3066,28157,s2,7298,-4846,32698,s3,4955,25,12459,s4,928,-595,1389,s5,-2216,-2922,5237,s6,1732,-3463,5489,s7,2088,-1522,3897,s8,211,-384,96,s9,-193,-233,1159,s10,117,331,277,s11,57,32,65,s12,14,83,179,s13,0,0,0,s14,0,0,0,s15,0,0,0,s16,0,0,0,
37.15,-0.70,4,40.28,s1,-11655,-3081,28176,s2,7292,-4855,32696,s3,4955,26,12445,s4,931,-597,1383,s5,-2214,-2920,5231,s6,1725,-3459,5471,s7,2079,-1516,3885,s8,214,-380,95,s9,-200,-232,1157,s10,115,332,272,s11,52,31,71,s12,11,83,182,s13,0,0,0,s14,0,0,0,s15,0,0,0,s16,0,0,0,
37.15,-0.70,4,40.28,s1,-11660,-3085,28198,s2,7298,-4864,32691,s3,4952,22,12438,s4,926,-598,1391,s5,-2216,-2920,5221,s6,1725,-3457,5460,s7,2075,-1509,3859,s8,215,-381,98,s9,-196,-229,1159,s10,116,329,275,s11,52,31,71,s12,10,84,179,s13,0,0,0,s14,0,0,0,s15,0,0,0,s16,0,0,0,
37.15,-0.70,4,40.28,s1,-11671,-3102,28215,s2,7303,-4874,32703,s3,4951,13,12426,s4,924,-600,1390,s5,-2210,-2916,5213,s6,1723,-3454,5446,s7,2067,-1503,3845,s8,221,-380,96,s9,-194,-233,1158,s10,123,335,272,s11,54,35,72,s12,8,84,180,s13,0,0,0,s14,0,0,0,s15,0,0,0,s16,0,0,0,
37.15,-0.70,4,40.28,s1,-11672,-3102,28228,s2,7301,-4876,32681,s3,4956,14,12423,s4,920,-598,1400,s5,-2207,-2907,5205,s6,1724,-3455,5434,s7,2058,-1501,3830,s8,214,-378,106,s9,-196,-233,1156,s10,119,337,274,s11,48,31,71,s12,8,89,180,s13,0,0,0,s14,0,0,0,s15,0,0,0,s16,0,0,0,
37.15,-0.70,4,40.28,s1,-11679,-3122,28241,s2,7309,-4888,32708,s3,4947,0,12407,s4,919,-597,1398,s5,-2204,-2912,5192,s6,1718,-3444,5413,s7,2054,-1499,3817,s8,217,-384,103,s9,-195,-226,1152,s10,121,331,275,s11,51,33,74,s12,12,85,181,s13,0,0,0,s14,0,0,0,s15,0,0,0,s16,0,0,0,
37.15,-0.70,4,40.28,s1,-11681,-3121,28261,s2,7304,-4900,32695,s3,4947,-1,12392,s4,917,-598,1407,s5,-2200,-2901,5185,s6,1712,-3444,5405,s7,2046,-1491,3801,s8,214,-381,98,s9,-197,-225,1149,s10,120,335,270,s11,49,32,77,s12,12,88,181,s13,0,0,0,s14,0,0,0,s15,0,0,0,s16,0,0,0,
37.15,-0.70,4,40.28,s1,-11684,-3129,28263,s2,7309,-4901,32692,s3,4943,-3,12385,s4,917,-600,1401,s5,-2193,-2900,5176,s6,1710,-3436,5389,s7,2040,-1493,3783,s8,215,-377,100,s9,-198,-222,1145,s10,118,339,271,s11,52,37,79,s12,9,89,187,s13,0,0,0,s14,0,0,0,s15,0,0,0,s16,0,0,0,
37.15,-0.70,4,40.28,s1,-11697,-3143,28282,s2,7315,-4916,32682,s3,4942,-8,12374,s4,918,-594,1403,s5,-2193,-2897,5164,s6,1712,-3435,5371,s7,2032,-1479,3767,s8,213,-375,105,s9,-196,-226,1141,s10,112,337,274,s11,48,33,84,s12,6,85,187,s13,0,0,0,s14,0,0,0,s15,0,0,0,s16,0,0,0,
37.15,-0.70,4,40.28,s1,-11698,-3156,28295,s2,7315,-4928,32692,s3,4943,-12,12362,s4,910,-597,1405,s5,-2182,-2896,5161,s6,1709,-3433,5355,s7,2020,-1484,3745,s8,212,-377,102,s9,-195,-228,1144,s10,118,346,267,s11,43,36,86,s12,11,87,183,s13,0,0,0,s14,0,0,0,s15,0,0,0,s16,0,0,0,
37.15,-0.70,4,40.28,s1,-11700,-3172,28314,s2,7320,-4942,32664,s3,4934,-13,12352,s4,912,-595,1416,s5,-2182,-2895,5152,s6,1705,-3426,5344,s7,2014,-1474,3723,s8,209,-376,105,s9,-194,-221,1141,s10,119,341,268,s11,45,36,86,s12,6,93,187,s13,0,0,0,s14,0,0,0,s15,0,0,0,s16,0,0,0,
37.15,-0.70,4,40.28,s1,-11706,-3178,28329,s2,7321,-4949,32658,s3,4937,-22,12347,s4,910,-599,1414,s5,-2175,-2888,5141,s6,1705,-3421,5334,s7,2009,-1468,3719,s8,212,-375,110,s9,-190,-223,1137,s10,116,345,265,s11,47,34,86,s12,10,87,186,s13,0,0,0,s14,0,0,0,s15,0,0,0,s16,0,0,0,
37.15,-0.70,4,40.28,s1,-11717,-3184,28343,s2,7330,-4958,32681,s3,4933,-25,12333,s4,906,-596,1416,s5,-2168,-2890,5128,s6,1700,-3420,5319,s7,2003,-1466,3700,s8,211,-375,105,s9,-191,-222,1133,s10,123,347,268,s11,49,32,84,s12,9,87,185,s13,0,0,0,s14,0,0,0,s15,0,0,0,s16,0,0,0,
37.15,-0.70,4,40.28,s1,-11722,-3196,28358,s2,7326,-4971,32722,s3,4930,-30,12313,s4,903,-595,1418,s5,-2168,-2889,5120,s6,1698,-3412,5303,s7,1992,-1464,3677,s8,213,-375,108,s9,-193,-218,1131,s10,115,346,266,s11,41,37,86,s12,10,91,187,s13,0,0,0,s14,0,0,0,s15,0,0,0,s16,0,0,0,
37.15,-0.70,4,40.28,s1,-11730,-3211,28383,s2,7334,-4977,32704,s3,4924,-35,12306,s4,896,-600,1418,s5,-2162,-2881,5116,s6,1701,-3406,5289,s7,1985,-1455,3665,s8,209,-370,108,s9,-189,-220,1132,s10,126,349,262,s11,42,36,86,s12,15,89,190,s13,0,0,0,s14,0,0,0,s15,0,0,0,s16,0,0,0,
37.15,-0.70,4,40.28,s1,-11730,-3217,28405,s2,7337,-4988,32680,s3,4925,-41,12300,s4,894,-598,1421,s5,-2157,-2873,5099,s6,1694,-3402,5280,s7,1983,-1447,3648,s8,209,-370,112,s9,-191,-217,1128,s10,117,354,262,s11,44,34,92,s12,10,92,187,s13,0,0,0,s14,0,0,0,s15,0,0,0,s16,0,0,0,
37.15,-0.70,4,40.28,s1,-11736,-3231,28413,s2,7343,-5001,32681,s3,4924,-44,12292,s4,900,-596,1420,s5,-2156,-2875,5094,s6,1687,-3401,5265,s7,1970,-1440,3637,s8,207,-366,112,s9,-196,-217,1126,s10,118,358,258,s11,41,36,90,s12,8,85,188,s13,0,0,0,s14,0,0,0,s15,0,0,0,s16,0,0,0,
37.15,-0.70,4,40.28,s1,-11745,-3250,28431,s2,7341,-5012,32668,s3,4922,-50,12282,s4,897,-597,1418,s5,-2149,-2876,5083,s6,1688,-3397,5248,s7,1968,-1440,3622,s8,211,-370,112,s9,-191,-215,1124,s10,119,349,261,s11,44,40,94,s12,10,86,187,s13,0,0,0,s14,0,0,0,s15,0,0,0,s16,0,0,0,
37.15,-0.70,4,40.28,s1,-11750,-3250,28442,s2,7352,-5024,32719,s3,4915,-55,12266,s4,891,-594,1421,s5,-2147,-2877,5078,s6,1684,-3387,5235,s7,1960,-1433,3601,s8,207,-370,114,s9,-187,-219,1124,s10,118,353,260,s11,45,40,97,s12,11,91,184,s13,0,0,0,s14,0,0,0,s15,0,0,0,s16,0,0,0,
37.15,-0.33,4,40.28,s1,-11756,-3271,28462,s2,7354,-5047,32697,s3,4913,-58,12254,s4,890,-594,1430,s5,-2141,-2860,5061,s6,1681,-3384,5216,s7,1955,-1425,3579,s8,208,-367,110,s9,-187,-217,1119,s10,116,355,254,s11,44,40,99,s12,10,86,188,s13,0,0,0,s14,0,0,0,s15,0,0,0,s16,0,0,0,
43.21,0.37,4,40.28,s1,-8577,-2228,21453,s2,6088,-3833,30475,s3,3383,140,9579,s4,647,-358,1480,s5,-1543,-1758,2642,s6,890,-1481,2836,s7,863,-675,1496,s8,58,-118,-2,s9,-17,-91,591,s10,98,20,-94,s11,-11,72,-96,s12,-12,79,130,s13,0,0,0,s14,0,0,0,s15,0,0,0,s16,0,0,0,
55.19,0.53,4,40.28,s1,-2811,-1025,8134,s2,2209,-781,8067,s3,1151,327,3310,s4,434,-112,413,s5,-1049,-644,1602,s6,607,-496,1633,s7,616,-408,1242,s8,-26,2,-79,s9,-52,-28,604,s10,83,-3,77,s11,2,80,-16,s12,-20,59,87,s13,0,0,0,s14,0,0,0,s15,0,0,0,s16,0,0,0,
66.34,0.35,4,40.28,s1,-2081,-747,6443,s2,1554,-582,5894,s3,984,367,2522,s4,399,-79,130,s5,-920,-568,1543,s6,482,-319,1281,s7,570,-354,1092,s8,-28,16,-118,s9,-68,-25,628,s10,74,-11,116,s11,4,71,-7,s12,-20,47,65,s13,0,0,0,s14,0,0,0,s15,0,0,0,s16,0,0,0,
72.20,0.13,4,40.28,s1,-1793,-659,5688,s2,1292,-545,5043,s3,862,337,2145,s4,370,-63,8,s5,-850,-516,1427,s6,417,-228,1064,s7,515,-316,982,s8,-28,19,-114,s9,-65,-25,604,s10,69,-10,128,s11,16,59,5,s12,-22,43,55,s13,0,0,0,s14,0,0,0,s15,0,0,0,s16,0,0,0,
74.03,-0.02,4,40.28,s1,-1573,-613,5219,s2,1138,-501,4505,s3,780,303,1923,s4,345,-57,-58,s5,-788,-474,1346,s6,366,-178,956,s7,477,-290,921,s8,-32,24,-118,s9,-67,-18,574,s10,63,-11,134,s11,8,63,7,s12,-22,40,51,s13,0,0,0,s14,0,0,0,s15,0,0,0,s16,0,0,0,
74.29,-0.03,4,40.28,s1,-1422,-582,4882,s2,1043,-472,4177,s3,723,286,1761,s4,330,-45,-97,s5,-737,-445,1277,s6,326,-146,872,s7,448,-273,844,s8,-26,23,-121,s9,-59,-14,548,s10,53,-7,126,s11,6,55,7,s12,-17,34,48,s13,0,0,0,s14,0,0,0,s15,0,0,0,s16,0,0,0,
74.29,-0.02,4,40.28,s1,-1298,-553,4658,s2,971,-451,3869,s3,665,268,1658,s4,317,-42,-125,s5,-693,-424,1230,s6,292,-128,805,s7,423,-254,784,s8,-27,23,-118,s9,-62,-13,534,s10,53,-8,122,s11,6,51,5,s12,-23,38,42,s13,0,0,0,s14,0,0,0,s15,0,0,0,s16,0,0,0,
74.29,0.00,4,40.28,s1,-1714,-537,4435,s2,926,-426,3632,s3,630,249,1554,s4,314,-37,-142,s5,-659,-407,1184,s6,259,-112,755,s7,392,-247,733,s8,-29,24,-116,s9,-61,-17,514,s10,47,0,117,s11,8,52,7,s12,-21,35,37,s13,0,0,0,s14,0,0,0,s15,0,0,0,s16,0,0,0,
74.29,0.01,4,40.28,s1,-1634,-524,4248,s2,880,-409,3467,s3,590,237,1469,s4,301,-30,-160,s5,-627,-386,1141,s6,248,-91,715,s7,378,-236,689,s8,-24,26,-115,s9,-55,-14,501,s10,50,0,116,s11,6,51,6,s12,-22,37,41,s13,0,0,0,s14,0,0,0,s15,0,0,0,s16,0,0,0,
74.29,0.02,4,40.28,s1,-1562,-507,4091,s2,843,-395,3297,s3,564,225,1394,s4,292,-34,-172,s5,-606,-378,1103,s6,238,-77,674,s7,360,-227,653,s8,-24,25,-119,s9,-51,-5,491,s10,45,0,115,s11,9,46,10,s12,-21,30,37,s13,0,0,0,s14,0,0,0,s15,0,0,0,s16,0,0,0,
74.29,0.02,4,40.28,s1,-1505,-496,3943,s2,807,-386,3152,s3,534,212,1330,s4,287,-27,-184,s5,-581,-366,1072,s6,220,-67,651,s7,348,-221,617,s8,-21,26,-109,s9,-49,-7,479,s10,43,6,116,s11,4,47,6,s12,-18,33,39,s13,0,0,0,s14,0,0,0,s15,0,0,0,s16,0,0,0,
74.29,0.02,4,40.28,s1,-1453,-482,3816,s2,785,-372,3017,s3,513,200,1272,s4,280,-26,-193,s5,-567,-350,1043,s6,211,-51,620,s7,330,-210,593,s8,-22,23,-112,s9,-54,-5,471,s10,48,3,117,s11,-1,46,13,s12,-18,34,34,s13,0,0,0,s14,0,0,0,s15,0,0,0,s16,0,0,0,
74.29,0.02,4,40.28,s1,-1404,-467,3701,s2,755,-364,2926,s3,493,192,1225,s4,275,-19,-206,s5,-544,-342,1018,s6,196,-38,595,s7,319,-199,561,s8,-23,28,-105,s9,-43,-2,457,s10,43,5,114,s11,7,40,6,s12,-17,29,31,s13,0,0,0,s14,0,0,0,s15,0,0,0,s16,0,0,0,
74.29,0.02,4,40.28,s1,-1360,-460,3583,s2,734,-358,2820,s3,468,190,1177,s4,268,-23,-213,s5,-530,-332,992,s6,188,-25,567,s7,304,-193,542,s8,-26,28,-101,s9,-42,-4,450,s10,34,5,109,s11,4,44,7,s12,-20,32,35,s13,0,0,0,s14,0,0,0,s15,0,0,0,s16,0,0,0,
74.29,0.02,4,40.28,s1,-1322,-438,3497,s2,716,-345,2720,s3,449,178,1136,s4,260,-24,-219,s5,-510,-321,975,s6,186,-17,544,s7,293,-192,523,s8,-22,21,-107,s9,-49,-9,440,s10,34,3,106,s11,4,40,9,s12,-18,27,28,s13,0,0,0,s14,0,0,0,s15,0,0,0,s16,0,0,0,
74.29,0.02,4,40.28,s1,-1281,-436,3405,s2,694,-335,2653,s3,430,169,1099,s4,247,-27,-224,s5,-499,-310,958,s6,175,0,528,s7,282,-186,496,s8,-25,22,-102,s9,-47,-4,437,s10,30,0,103,s11,7,42,8,s12,-15,25,28,s13,0,0,0,s14,0,0,0,s15,0,0,0,s16,0,0,0,
74.29,0.02,4,40.28,s1,-1247,-427,3318,s2,677,-327,2567,s3,421,164,1061,s4,249,-24,-223,s5,-489,-310,933,s6,173,8,512,s7,276,-180,481,s8,-22,24,-98,s9,-41,-2,427,s10,36,3,99,s11,7,33,3,s12,-15,28,28,s13,0,0,0,s14,0,0,0,s15,0,0,0,s16,0,0,0,
74.29,0.02,4,40.28,s1,-1215,-415,3227,s2,660,-315,2492,s3,411,154,1033,s4,240,-23,-226,s5,-472,-302,915,s6,163,14,496,s7,272,-175,468,s8,-20,26,-99,s9,-39,-2,418,s10,31,2,104,s11,8,39,11,s12,-13,28,31,s13,0,0,0,s14,0,0,0,s15,0,0,0,s16,0,0,0,
74.29,0.02,4,40.28,s1,-1182,-410,3157,s2,646,-312,2426,s3,398,152,994,s4,233,-18,-227,s5,-460,-295,894,s6,158,25,477,s7,261,-168,449,s8,-18,28,-98,s9,-39,-5,415,s10,29,3,102,s11,3,39,10,s12,-16,25,25,s13,0,0,0,s14,0,0,0,s15,0,0,0,s16,0,0,0,
74.29,0.02,4,40.28,s1,-1157,-397,3081,s2,631,-306,2374,s3,381,151,967,s4,231,-18,-225,s5,-449,-289,878,s6,158,30,460,s7,250,-164,441,s8,-22,25,-95,s9,-40,-7,406,s10,28,4,101,s11,3,36,13,s12,-15,28,29,s13,0,0,0,s14,0,0,0,s15,0,0,0,s16,0,0,0,
74.29,0.02,4,40.28,s1,-1132,-388,3017,s2,616,-303,2308,s3,371,140,944,s4,229,-21,-232,s5,-439,-286,862,s6,151,39,448,s7,247,-169,434,s8,-25,27,-94,s9,-36,-5,401,s10,30,4,106,s11,8,36,14,s12,-21,26,24,s13,0,0,0,s14,0,0,0,s15,0,0,0,s16,0,0,0,
74.29,0.02,4,40.28,s1,-1105,-379,2960,s2,607,-299,2258,s3,361,140,915,s4,221,-19,-228,s5,-431,-279,847,s6,150,47,436,s7,242,-160,422,s8,-20,22,-95,s9,-37,-5,396,s10,31,4,99,s11,0,35,11,s12,-14,20,25,s13,0,0,0,s14,0,0,0,s15,0,0,0,s16,0,0,0,
74.29,0.02,4,40.28,s1,-1084,-372,2891,s2,597,-292,2209,s3,350,134,902,s4,219,-19,-231,s5,-422,-272,838,s6,143,56,423,s7,230,-153,404,s8,-22,24,-94,s9,-39,2,386,s10,26,5,101,s11,6,36,17,s12,-12,27,16,s13,0,0,0,s14,0,0,0,s15,0,0,0,s16,0,0,0,
74.29,0.02,4,40.28,s1,-1069,-371,2843,s2,588,-288,2165,s3,348,134,879,s4,219,-18,-238,s5,-413,-268,822,s6,140,58,415,s7,233,-157,400,s8,-18,21,-97,s9,-39,-7,379,s10,33,1,95,s11,5,37,16,s12,-13,20,24,s13,0,0,0,s14,0,0,0,s15,0,0,0,s16,0,0,0,
74.29,0.02,4,40.28,s1,-1040,-357,2785,s2,576,-284,2108,s3,328,124,854,s4,214,-18,-235,s5,-406,-263,807,s6,137,65,397,s7,230,-154,391,s8,-26,21,-88,s9,-35,3,375,s10,24,3,103,s11,-2,32,10,s12,-15,26,21,s13,0,0,0,s14,0,0,0,s15,0,0,0,s16,0,0,0,
74.29,0.02,4,40.28,s1,-1019,-349,2711,s2,558,-278,2061,s3,322,119,830,s4,208,-17,-235,s5,-391,-259,789,s6,136,71,382,s7,222,-143,377,s8,-18,20,-93,s9,-34,-7,371,s10,28,3,102,s11,4,38,16,s12,-16,20,19,s13,0,0,0,s14,0,0,0,s15,0,0,0,s16,0,0,0,
74.29,0.02,4,40.28,s1,-996,-331,2659,s2,551,-269,2001,s3,310,118,805,s4,204,-22,-227,s5,-398,-250,767,s6,128,76,370,s7,219,-135,368,s8,-20,22,-86,s9,-32,-4,357,s10,29,4,100,s11,4,32,15,s12,-14,18,19,s13,0,0,0,s14,0,0,0,s15,0,0,0,s16,0,0,0,
74.29,0.02,4,40.28,s1,-968,-324,2576,s2,535,-258,1950,s3,304,112,777,s4,197,-22,-235,s5,-381,-246,748,s6,123,78,358,s7,207,-143,365,s8,-22,23,-82,s9,-37,-1,346,s10,29,3,98,s11,2,34,12,s12,-16,17,19,s13,0,0,0,s14,0,0,0,s15,0,0,0,s16,0,0,0,
74.29,0.02,4,40.28,s1,-944,-308,2494,s2,521,-249,1897,s3,294,108,755,s4,193,-20,-224,s5,-369,-238,735,s6,125,89,349,s7,205,-132,352,s8,-21,16,-82,s9,-36,2,333,s10,26,3,93,s11,2,30,14,s12,-17,17,26,s13,0,0,0,s14,0,0,0,s15,0,0,0,s16,0,0,0,
74.29,0.02,4,40.28,s1,-923,-293,2435,s2,511,-238,1852,s3,289,104,733,s4,193,-21,-221,s5,-363,-233,716,s6,121,94,336,s7,197,-132,342,s8,-22,17,-79,s9,-37,0,327,s10,25,4,92,s11,1,31,14,s12,-13,13,20,s13,0,0,0,s14,0,0,0,s15,0,0,0,s16,0,0,0,
74.29,0.02,4,40.28,s1,-897,-277,2351,s2,497,-237,1799,s3,277,102,721,s4,182,-18,-216,s5,-358,-235,704,s6,118,98,329,s7,190,-131,345,s8,-19,15,-80,s9,-39,4,321,s10,22,5,87,s11,-2,30,13,s12,-11,13,19,s13,0,0,0,s14,0,0,0,s15,0,0,0,s16,0,0,0,
74.29,0.02,4,40.28,s1,-880,-265,2275,s2,485,-226,1756,s3,281,101,704,s4,189,-20,-216,s5,-346,-227,690,s6,113,99,312,s7,194,-129,329,s8,-21,17,-74,s9,-36,5,316,s10,22,0,94,s11,6,26,12,s12,-11,13,22,s13,0,0,0,s14,0,0,0,s15,0,0,0,s16,0,0,0,
74.29,0.02,4,40.28,s1,-858,-249,2204,s2,472,-218,1710,s3,266,96,685,s4,182,-16,-210,s5,-344,-226,679,s6,116,101,313,s7,182,-123,324,s8,-20,16,-74,s9,-34,4,309,s10,27,1,90,s11,2,30,7,s12,-17,13,17,s13,0,0,0,s14,0,0,0,s15,0,0,0,s16,0,0,0,
74.29,0.02,4,40.28,s1,-831,-233,2132,s2,458,-208,1669,s3,262,96,669,s4,180,-18,-199,s5,-336,-219,663,s6,107,110,300,s7,180,-123,308,s8,-19,14,-70,s9,-34,1,301,s10,23,5,91,s11,4,25,15,s12,-10,10,19,s13,0,0,0,s14,0,0,0,s15,0,0,0,s16,0,0,0,
74.29,0.02,4,40.28,s1,-823,-223,2060,s2,447,-201,1634,s3,257,95,655,s4,177,-24,-198,s5,-329,-214,650,s6,108,112,294,s7,180,-120,307,s8,-15,11,-73,s9,-35,3,300,s10,21,0,87,s11,2,26,15,s12,-16,18,19,s13,0,0,0,s14,0,0,0,s15,0,0,0,s16,0,0,0,
74.29,0.02,4,40.28,s1,-799,-206,1998,s2,437,-189,1592,s3,252,93,643,s4,172,-19,-198,s5,-322,-210,633,s6,106,117,283,s7,171,-119,305,s8,-14,19,-66,s9,-35,6,291,s10,20,3,89,s11,0,29,12,s12,-12,16,17,s13,0,0,0,s14,0,0,0,s15,0,0,0,s16,0,0,0,
74.29,0.02,4,40.28,s1,-782,-197,1948,s2,426,-187,1560,s3,249,90,632,s4,169,-18,-192,s5,-316,-207,627,s6,109,118,277,s7,173,-117,296,s8,-19,17,-70,s9,-36,3,287,s10,23,4,89,s11,0,26,15,s12,-11,10,17,s13,0,0,0,s14,0,0,0,s15,0,0,0,s16,0,0,0,
74.29,0.02,4,40.28,s1,-771,-187,1893,s2,420,-179,1524,s3,238,90,614,s4,160,-15,-190,s5,-309,-207,616,s6,104,121,274,s7,164,-115,288,s8,-16,18,-69,s9,-33,6,281,s10,19,0,85,s11,-3,23,13,s12,-12,13,22,s13,0,0,0,s14,0,0,0,s15,0,0,0,s16,0,0,0,
74.29,0.02,0,0.00,s1,-749,-174,1839,s2,406,-171,1497,s3,235,88,602,s4,161,-14,-183,s5,-301,-202,599,s6,106,126,269,s7,167,-108,288,s8,-19,24,-72,s9,-35,5,272,s10,18,9,81,s11,1,26,13,s12,-15,19,19,s13,0,0,0,s14,0,0,0,s15,0,0,0,s16,0,0,0,
